/BATCH
/FILNAME,stage10_contact
/TITLE,Stage 10 contact-control verification
/PREP7
ET,1,182
KEYOPT,1,3,2
ET,2,169
ET,3,172
KEYOPT,3,2,0
KEYOPT,3,4,0
KEYOPT,3,10,2
R,1,1
R,3,1,0.1,0,2
MP,EX,1,2000
MP,PRXY,1,0.3
MP,ALPX,1,0.0001
MP,MU,1,0
TYPE,1
REAL,1
MAT,1
N,1,0,0,0
N,2,0.1666666666666667,0,0
N,3,0.3333333333333333,0,0
N,4,0.5,0,0
N,5,0.6666666666666666,0,0
N,6,0.8333333333333334,0,0
N,7,1,0,0
N,8,1.166666666666667,0,0
N,9,1.333333333333333,0,0
N,10,1.5,0,0
N,11,1.666666666666667,0,0
N,12,1.833333333333333,0,0
N,13,2,0,0
N,14,2.166666666666667,0,0
N,15,2.333333333333333,0,0
N,16,2.5,0,0
N,17,2.666666666666667,0,0
N,18,2.833333333333333,0,0
N,19,3,0,0
N,20,3.166666666666667,0,0
N,21,3.333333333333333,0,0
N,22,3.5,0,0
N,23,3.666666666666667,0,0
N,24,3.833333333333333,0,0
N,25,4,0,0
N,26,4.166666666666667,0,0
N,27,4.333333333333333,0,0
N,28,4.5,0,0
N,29,4.666666666666667,0,0
N,30,4.833333333333333,0,0
N,31,5,0,0
N,32,5.166666666666667,0,0
N,33,5.333333333333333,0,0
N,34,5.5,0,0
N,35,5.666666666666667,0,0
N,36,5.833333333333333,0,0
N,37,6,0,0
N,38,6.166666666666667,0,0
N,39,6.333333333333333,0,0
N,40,6.5,0,0
N,41,6.666666666666667,0,0
N,42,6.833333333333333,0,0
N,43,7,0,0
N,44,7.166666666666667,0,0
N,45,7.333333333333333,0,0
N,46,7.5,0,0
N,47,7.666666666666667,0,0
N,48,7.833333333333333,0,0
N,49,8,0,0
N,50,8.166666666666666,0,0
N,51,8.333333333333334,0,0
N,52,8.5,0,0
N,53,8.666666666666666,0,0
N,54,8.833333333333334,0,0
N,55,9,0,0
N,56,9.166666666666666,0,0
N,57,9.333333333333334,0,0
N,58,9.5,0,0
N,59,9.666666666666666,0,0
N,60,9.833333333333334,0,0
N,61,10,0,0
N,62,0,0.1666666666666667,0
N,63,0.1666666666666667,0.1666666666666667,0
N,64,0.3333333333333333,0.1666666666666667,0
N,65,0.5,0.1666666666666667,0
N,66,0.6666666666666666,0.1666666666666667,0
N,67,0.8333333333333334,0.1666666666666667,0
N,68,1,0.1666666666666667,0
N,69,1.166666666666667,0.1666666666666667,0
N,70,1.333333333333333,0.1666666666666667,0
N,71,1.5,0.1666666666666667,0
N,72,1.666666666666667,0.1666666666666667,0
N,73,1.833333333333333,0.1666666666666667,0
N,74,2,0.1666666666666667,0
N,75,2.166666666666667,0.1666666666666667,0
N,76,2.333333333333333,0.1666666666666667,0
N,77,2.5,0.1666666666666667,0
N,78,2.666666666666667,0.1666666666666667,0
N,79,2.833333333333333,0.1666666666666667,0
N,80,3,0.1666666666666667,0
N,81,3.166666666666667,0.1666666666666667,0
N,82,3.333333333333333,0.1666666666666667,0
N,83,3.5,0.1666666666666667,0
N,84,3.666666666666667,0.1666666666666667,0
N,85,3.833333333333333,0.1666666666666667,0
N,86,4,0.1666666666666667,0
N,87,4.166666666666667,0.1666666666666667,0
N,88,4.333333333333333,0.1666666666666667,0
N,89,4.5,0.1666666666666667,0
N,90,4.666666666666667,0.1666666666666667,0
N,91,4.833333333333333,0.1666666666666667,0
N,92,5,0.1666666666666667,0
N,93,5.166666666666667,0.1666666666666667,0
N,94,5.333333333333333,0.1666666666666667,0
N,95,5.5,0.1666666666666667,0
N,96,5.666666666666667,0.1666666666666667,0
N,97,5.833333333333333,0.1666666666666667,0
N,98,6,0.1666666666666667,0
N,99,6.166666666666667,0.1666666666666667,0
N,100,6.333333333333333,0.1666666666666667,0
N,101,6.5,0.1666666666666667,0
N,102,6.666666666666667,0.1666666666666667,0
N,103,6.833333333333333,0.1666666666666667,0
N,104,7,0.1666666666666667,0
N,105,7.166666666666667,0.1666666666666667,0
N,106,7.333333333333333,0.1666666666666667,0
N,107,7.5,0.1666666666666667,0
N,108,7.666666666666667,0.1666666666666667,0
N,109,7.833333333333333,0.1666666666666667,0
N,110,8,0.1666666666666667,0
N,111,8.166666666666666,0.1666666666666667,0
N,112,8.333333333333334,0.1666666666666667,0
N,113,8.5,0.1666666666666667,0
N,114,8.666666666666666,0.1666666666666667,0
N,115,8.833333333333334,0.1666666666666667,0
N,116,9,0.1666666666666667,0
N,117,9.166666666666666,0.1666666666666667,0
N,118,9.333333333333334,0.1666666666666667,0
N,119,9.5,0.1666666666666667,0
N,120,9.666666666666666,0.1666666666666667,0
N,121,9.833333333333334,0.1666666666666667,0
N,122,10,0.1666666666666667,0
N,123,0,0.3333333333333333,0
N,124,0.1666666666666667,0.3333333333333333,0
N,125,0.3333333333333333,0.3333333333333333,0
N,126,0.5,0.3333333333333333,0
N,127,0.6666666666666666,0.3333333333333333,0
N,128,0.8333333333333334,0.3333333333333333,0
N,129,1,0.3333333333333333,0
N,130,1.166666666666667,0.3333333333333333,0
N,131,1.333333333333333,0.3333333333333333,0
N,132,1.5,0.3333333333333333,0
N,133,1.666666666666667,0.3333333333333333,0
N,134,1.833333333333333,0.3333333333333333,0
N,135,2,0.3333333333333333,0
N,136,2.166666666666667,0.3333333333333333,0
N,137,2.333333333333333,0.3333333333333333,0
N,138,2.5,0.3333333333333333,0
N,139,2.666666666666667,0.3333333333333333,0
N,140,2.833333333333333,0.3333333333333333,0
N,141,3,0.3333333333333333,0
N,142,3.166666666666667,0.3333333333333333,0
N,143,3.333333333333333,0.3333333333333333,0
N,144,3.5,0.3333333333333333,0
N,145,3.666666666666667,0.3333333333333333,0
N,146,3.833333333333333,0.3333333333333333,0
N,147,4,0.3333333333333333,0
N,148,4.166666666666667,0.3333333333333333,0
N,149,4.333333333333333,0.3333333333333333,0
N,150,4.5,0.3333333333333333,0
N,151,4.666666666666667,0.3333333333333333,0
N,152,4.833333333333333,0.3333333333333333,0
N,153,5,0.3333333333333333,0
N,154,5.166666666666667,0.3333333333333333,0
N,155,5.333333333333333,0.3333333333333333,0
N,156,5.5,0.3333333333333333,0
N,157,5.666666666666667,0.3333333333333333,0
N,158,5.833333333333333,0.3333333333333333,0
N,159,6,0.3333333333333333,0
N,160,6.166666666666667,0.3333333333333333,0
N,161,6.333333333333333,0.3333333333333333,0
N,162,6.5,0.3333333333333333,0
N,163,6.666666666666667,0.3333333333333333,0
N,164,6.833333333333333,0.3333333333333333,0
N,165,7,0.3333333333333333,0
N,166,7.166666666666667,0.3333333333333333,0
N,167,7.333333333333333,0.3333333333333333,0
N,168,7.5,0.3333333333333333,0
N,169,7.666666666666667,0.3333333333333333,0
N,170,7.833333333333333,0.3333333333333333,0
N,171,8,0.3333333333333333,0
N,172,8.166666666666666,0.3333333333333333,0
N,173,8.333333333333334,0.3333333333333333,0
N,174,8.5,0.3333333333333333,0
N,175,8.666666666666666,0.3333333333333333,0
N,176,8.833333333333334,0.3333333333333333,0
N,177,9,0.3333333333333333,0
N,178,9.166666666666666,0.3333333333333333,0
N,179,9.333333333333334,0.3333333333333333,0
N,180,9.5,0.3333333333333333,0
N,181,9.666666666666666,0.3333333333333333,0
N,182,9.833333333333334,0.3333333333333333,0
N,183,10,0.3333333333333333,0
N,184,0,0.5,0
N,185,0.1666666666666667,0.5,0
N,186,0.3333333333333333,0.5,0
N,187,0.5,0.5,0
N,188,0.6666666666666666,0.5,0
N,189,0.8333333333333334,0.5,0
N,190,1,0.5,0
N,191,1.166666666666667,0.5,0
N,192,1.333333333333333,0.5,0
N,193,1.5,0.5,0
N,194,1.666666666666667,0.5,0
N,195,1.833333333333333,0.5,0
N,196,2,0.5,0
N,197,2.166666666666667,0.5,0
N,198,2.333333333333333,0.5,0
N,199,2.5,0.5,0
N,200,2.666666666666667,0.5,0
N,201,2.833333333333333,0.5,0
N,202,3,0.5,0
N,203,3.166666666666667,0.5,0
N,204,3.333333333333333,0.5,0
N,205,3.5,0.5,0
N,206,3.666666666666667,0.5,0
N,207,3.833333333333333,0.5,0
N,208,4,0.5,0
N,209,4.166666666666667,0.5,0
N,210,4.333333333333333,0.5,0
N,211,4.5,0.5,0
N,212,4.666666666666667,0.5,0
N,213,4.833333333333333,0.5,0
N,214,5,0.5,0
N,215,5.166666666666667,0.5,0
N,216,5.333333333333333,0.5,0
N,217,5.5,0.5,0
N,218,5.666666666666667,0.5,0
N,219,5.833333333333333,0.5,0
N,220,6,0.5,0
N,221,6.166666666666667,0.5,0
N,222,6.333333333333333,0.5,0
N,223,6.5,0.5,0
N,224,6.666666666666667,0.5,0
N,225,6.833333333333333,0.5,0
N,226,7,0.5,0
N,227,7.166666666666667,0.5,0
N,228,7.333333333333333,0.5,0
N,229,7.5,0.5,0
N,230,7.666666666666667,0.5,0
N,231,7.833333333333333,0.5,0
N,232,8,0.5,0
N,233,8.166666666666666,0.5,0
N,234,8.333333333333334,0.5,0
N,235,8.5,0.5,0
N,236,8.666666666666666,0.5,0
N,237,8.833333333333334,0.5,0
N,238,9,0.5,0
N,239,9.166666666666666,0.5,0
N,240,9.333333333333334,0.5,0
N,241,9.5,0.5,0
N,242,9.666666666666666,0.5,0
N,243,9.833333333333334,0.5,0
N,244,10,0.5,0
N,245,0,0.6666666666666666,0
N,246,0.1666666666666667,0.6666666666666666,0
N,247,0.3333333333333333,0.6666666666666666,0
N,248,0.5,0.6666666666666666,0
N,249,0.6666666666666666,0.6666666666666666,0
N,250,0.8333333333333334,0.6666666666666666,0
N,251,1,0.6666666666666666,0
N,252,1.166666666666667,0.6666666666666666,0
N,253,1.333333333333333,0.6666666666666666,0
N,254,1.5,0.6666666666666666,0
N,255,1.666666666666667,0.6666666666666666,0
N,256,1.833333333333333,0.6666666666666666,0
N,257,2,0.6666666666666666,0
N,258,2.166666666666667,0.6666666666666666,0
N,259,2.333333333333333,0.6666666666666666,0
N,260,2.5,0.6666666666666666,0
N,261,2.666666666666667,0.6666666666666666,0
N,262,2.833333333333333,0.6666666666666666,0
N,263,3,0.6666666666666666,0
N,264,3.166666666666667,0.6666666666666666,0
N,265,3.333333333333333,0.6666666666666666,0
N,266,3.5,0.6666666666666666,0
N,267,3.666666666666667,0.6666666666666666,0
N,268,3.833333333333333,0.6666666666666666,0
N,269,4,0.6666666666666666,0
N,270,4.166666666666667,0.6666666666666666,0
N,271,4.333333333333333,0.6666666666666666,0
N,272,4.5,0.6666666666666666,0
N,273,4.666666666666667,0.6666666666666666,0
N,274,4.833333333333333,0.6666666666666666,0
N,275,5,0.6666666666666666,0
N,276,5.166666666666667,0.6666666666666666,0
N,277,5.333333333333333,0.6666666666666666,0
N,278,5.5,0.6666666666666666,0
N,279,5.666666666666667,0.6666666666666666,0
N,280,5.833333333333333,0.6666666666666666,0
N,281,6,0.6666666666666666,0
N,282,6.166666666666667,0.6666666666666666,0
N,283,6.333333333333333,0.6666666666666666,0
N,284,6.5,0.6666666666666666,0
N,285,6.666666666666667,0.6666666666666666,0
N,286,6.833333333333333,0.6666666666666666,0
N,287,7,0.6666666666666666,0
N,288,7.166666666666667,0.6666666666666666,0
N,289,7.333333333333333,0.6666666666666666,0
N,290,7.5,0.6666666666666666,0
N,291,7.666666666666667,0.6666666666666666,0
N,292,7.833333333333333,0.6666666666666666,0
N,293,8,0.6666666666666666,0
N,294,8.166666666666666,0.6666666666666666,0
N,295,8.333333333333334,0.6666666666666666,0
N,296,8.5,0.6666666666666666,0
N,297,8.666666666666666,0.6666666666666666,0
N,298,8.833333333333334,0.6666666666666666,0
N,299,9,0.6666666666666666,0
N,300,9.166666666666666,0.6666666666666666,0
N,301,9.333333333333334,0.6666666666666666,0
N,302,9.5,0.6666666666666666,0
N,303,9.666666666666666,0.6666666666666666,0
N,304,9.833333333333334,0.6666666666666666,0
N,305,10,0.6666666666666666,0
N,306,0,0.8333333333333334,0
N,307,0.1666666666666667,0.8333333333333334,0
N,308,0.3333333333333333,0.8333333333333334,0
N,309,0.5,0.8333333333333334,0
N,310,0.6666666666666666,0.8333333333333334,0
N,311,0.8333333333333334,0.8333333333333334,0
N,312,1,0.8333333333333334,0
N,313,1.166666666666667,0.8333333333333334,0
N,314,1.333333333333333,0.8333333333333334,0
N,315,1.5,0.8333333333333334,0
N,316,1.666666666666667,0.8333333333333334,0
N,317,1.833333333333333,0.8333333333333334,0
N,318,2,0.8333333333333334,0
N,319,2.166666666666667,0.8333333333333334,0
N,320,2.333333333333333,0.8333333333333334,0
N,321,2.5,0.8333333333333334,0
N,322,2.666666666666667,0.8333333333333334,0
N,323,2.833333333333333,0.8333333333333334,0
N,324,3,0.8333333333333334,0
N,325,3.166666666666667,0.8333333333333334,0
N,326,3.333333333333333,0.8333333333333334,0
N,327,3.5,0.8333333333333334,0
N,328,3.666666666666667,0.8333333333333334,0
N,329,3.833333333333333,0.8333333333333334,0
N,330,4,0.8333333333333334,0
N,331,4.166666666666667,0.8333333333333334,0
N,332,4.333333333333333,0.8333333333333334,0
N,333,4.5,0.8333333333333334,0
N,334,4.666666666666667,0.8333333333333334,0
N,335,4.833333333333333,0.8333333333333334,0
N,336,5,0.8333333333333334,0
N,337,5.166666666666667,0.8333333333333334,0
N,338,5.333333333333333,0.8333333333333334,0
N,339,5.5,0.8333333333333334,0
N,340,5.666666666666667,0.8333333333333334,0
N,341,5.833333333333333,0.8333333333333334,0
N,342,6,0.8333333333333334,0
N,343,6.166666666666667,0.8333333333333334,0
N,344,6.333333333333333,0.8333333333333334,0
N,345,6.5,0.8333333333333334,0
N,346,6.666666666666667,0.8333333333333334,0
N,347,6.833333333333333,0.8333333333333334,0
N,348,7,0.8333333333333334,0
N,349,7.166666666666667,0.8333333333333334,0
N,350,7.333333333333333,0.8333333333333334,0
N,351,7.5,0.8333333333333334,0
N,352,7.666666666666667,0.8333333333333334,0
N,353,7.833333333333333,0.8333333333333334,0
N,354,8,0.8333333333333334,0
N,355,8.166666666666666,0.8333333333333334,0
N,356,8.333333333333334,0.8333333333333334,0
N,357,8.5,0.8333333333333334,0
N,358,8.666666666666666,0.8333333333333334,0
N,359,8.833333333333334,0.8333333333333334,0
N,360,9,0.8333333333333334,0
N,361,9.166666666666666,0.8333333333333334,0
N,362,9.333333333333334,0.8333333333333334,0
N,363,9.5,0.8333333333333334,0
N,364,9.666666666666666,0.8333333333333334,0
N,365,9.833333333333334,0.8333333333333334,0
N,366,10,0.8333333333333334,0
N,367,0,1,0
N,368,0.1666666666666667,1,0
N,369,0.3333333333333333,1,0
N,370,0.5,1,0
N,371,0.6666666666666666,1,0
N,372,0.8333333333333334,1,0
N,373,1,1,0
N,374,1.166666666666667,1,0
N,375,1.333333333333333,1,0
N,376,1.5,1,0
N,377,1.666666666666667,1,0
N,378,1.833333333333333,1,0
N,379,2,1,0
N,380,2.166666666666667,1,0
N,381,2.333333333333333,1,0
N,382,2.5,1,0
N,383,2.666666666666667,1,0
N,384,2.833333333333333,1,0
N,385,3,1,0
N,386,3.166666666666667,1,0
N,387,3.333333333333333,1,0
N,388,3.5,1,0
N,389,3.666666666666667,1,0
N,390,3.833333333333333,1,0
N,391,4,1,0
N,392,4.166666666666667,1,0
N,393,4.333333333333333,1,0
N,394,4.5,1,0
N,395,4.666666666666667,1,0
N,396,4.833333333333333,1,0
N,397,5,1,0
N,398,5.166666666666667,1,0
N,399,5.333333333333333,1,0
N,400,5.5,1,0
N,401,5.666666666666667,1,0
N,402,5.833333333333333,1,0
N,403,6,1,0
N,404,6.166666666666667,1,0
N,405,6.333333333333333,1,0
N,406,6.5,1,0
N,407,6.666666666666667,1,0
N,408,6.833333333333333,1,0
N,409,7,1,0
N,410,7.166666666666667,1,0
N,411,7.333333333333333,1,0
N,412,7.5,1,0
N,413,7.666666666666667,1,0
N,414,7.833333333333333,1,0
N,415,8,1,0
N,416,8.166666666666666,1,0
N,417,8.333333333333334,1,0
N,418,8.5,1,0
N,419,8.666666666666666,1,0
N,420,8.833333333333334,1,0
N,421,9,1,0
N,422,9.166666666666666,1,0
N,423,9.333333333333334,1,0
N,424,9.5,1,0
N,425,9.666666666666666,1,0
N,426,9.833333333333334,1,0
N,427,10,1,0
N,428,0,1.166666666666667,0
N,429,0.1666666666666667,1.166666666666667,0
N,430,0.3333333333333333,1.166666666666667,0
N,431,0.5,1.166666666666667,0
N,432,0.6666666666666666,1.166666666666667,0
N,433,0.8333333333333334,1.166666666666667,0
N,434,1,1.166666666666667,0
N,435,1.166666666666667,1.166666666666667,0
N,436,1.333333333333333,1.166666666666667,0
N,437,1.5,1.166666666666667,0
N,438,1.666666666666667,1.166666666666667,0
N,439,1.833333333333333,1.166666666666667,0
N,440,2,1.166666666666667,0
N,441,2.166666666666667,1.166666666666667,0
N,442,2.333333333333333,1.166666666666667,0
N,443,2.5,1.166666666666667,0
N,444,2.666666666666667,1.166666666666667,0
N,445,2.833333333333333,1.166666666666667,0
N,446,3,1.166666666666667,0
N,447,3.166666666666667,1.166666666666667,0
N,448,3.333333333333333,1.166666666666667,0
N,449,3.5,1.166666666666667,0
N,450,3.666666666666667,1.166666666666667,0
N,451,3.833333333333333,1.166666666666667,0
N,452,4,1.166666666666667,0
N,453,4.166666666666667,1.166666666666667,0
N,454,4.333333333333333,1.166666666666667,0
N,455,4.5,1.166666666666667,0
N,456,4.666666666666667,1.166666666666667,0
N,457,4.833333333333333,1.166666666666667,0
N,458,5,1.166666666666667,0
N,459,5.166666666666667,1.166666666666667,0
N,460,5.333333333333333,1.166666666666667,0
N,461,5.5,1.166666666666667,0
N,462,5.666666666666667,1.166666666666667,0
N,463,5.833333333333333,1.166666666666667,0
N,464,6,1.166666666666667,0
N,465,6.166666666666667,1.166666666666667,0
N,466,6.333333333333333,1.166666666666667,0
N,467,6.5,1.166666666666667,0
N,468,6.666666666666667,1.166666666666667,0
N,469,6.833333333333333,1.166666666666667,0
N,470,7,1.166666666666667,0
N,471,7.166666666666667,1.166666666666667,0
N,472,7.333333333333333,1.166666666666667,0
N,473,7.5,1.166666666666667,0
N,474,7.666666666666667,1.166666666666667,0
N,475,7.833333333333333,1.166666666666667,0
N,476,8,1.166666666666667,0
N,477,8.166666666666666,1.166666666666667,0
N,478,8.333333333333334,1.166666666666667,0
N,479,8.5,1.166666666666667,0
N,480,8.666666666666666,1.166666666666667,0
N,481,8.833333333333334,1.166666666666667,0
N,482,9,1.166666666666667,0
N,483,9.166666666666666,1.166666666666667,0
N,484,9.333333333333334,1.166666666666667,0
N,485,9.5,1.166666666666667,0
N,486,9.666666666666666,1.166666666666667,0
N,487,9.833333333333334,1.166666666666667,0
N,488,10,1.166666666666667,0
N,489,0,1.333333333333333,0
N,490,0.1666666666666667,1.333333333333333,0
N,491,0.3333333333333333,1.333333333333333,0
N,492,0.5,1.333333333333333,0
N,493,0.6666666666666666,1.333333333333333,0
N,494,0.8333333333333334,1.333333333333333,0
N,495,1,1.333333333333333,0
N,496,1.166666666666667,1.333333333333333,0
N,497,1.333333333333333,1.333333333333333,0
N,498,1.5,1.333333333333333,0
N,499,1.666666666666667,1.333333333333333,0
N,500,1.833333333333333,1.333333333333333,0
N,501,2,1.333333333333333,0
N,502,2.166666666666667,1.333333333333333,0
N,503,2.333333333333333,1.333333333333333,0
N,504,2.5,1.333333333333333,0
N,505,2.666666666666667,1.333333333333333,0
N,506,2.833333333333333,1.333333333333333,0
N,507,3,1.333333333333333,0
N,508,3.166666666666667,1.333333333333333,0
N,509,3.333333333333333,1.333333333333333,0
N,510,3.5,1.333333333333333,0
N,511,3.666666666666667,1.333333333333333,0
N,512,3.833333333333333,1.333333333333333,0
N,513,4,1.333333333333333,0
N,514,4.166666666666667,1.333333333333333,0
N,515,4.333333333333333,1.333333333333333,0
N,516,4.5,1.333333333333333,0
N,517,4.666666666666667,1.333333333333333,0
N,518,4.833333333333333,1.333333333333333,0
N,519,5,1.333333333333333,0
N,520,5.166666666666667,1.333333333333333,0
N,521,5.333333333333333,1.333333333333333,0
N,522,5.5,1.333333333333333,0
N,523,5.666666666666667,1.333333333333333,0
N,524,5.833333333333333,1.333333333333333,0
N,525,6,1.333333333333333,0
N,526,6.166666666666667,1.333333333333333,0
N,527,6.333333333333333,1.333333333333333,0
N,528,6.5,1.333333333333333,0
N,529,6.666666666666667,1.333333333333333,0
N,530,6.833333333333333,1.333333333333333,0
N,531,7,1.333333333333333,0
N,532,7.166666666666667,1.333333333333333,0
N,533,7.333333333333333,1.333333333333333,0
N,534,7.5,1.333333333333333,0
N,535,7.666666666666667,1.333333333333333,0
N,536,7.833333333333333,1.333333333333333,0
N,537,8,1.333333333333333,0
N,538,8.166666666666666,1.333333333333333,0
N,539,8.333333333333334,1.333333333333333,0
N,540,8.5,1.333333333333333,0
N,541,8.666666666666666,1.333333333333333,0
N,542,8.833333333333334,1.333333333333333,0
N,543,9,1.333333333333333,0
N,544,9.166666666666666,1.333333333333333,0
N,545,9.333333333333334,1.333333333333333,0
N,546,9.5,1.333333333333333,0
N,547,9.666666666666666,1.333333333333333,0
N,548,9.833333333333334,1.333333333333333,0
N,549,10,1.333333333333333,0
N,550,0,1.5,0
N,551,0.1666666666666667,1.5,0
N,552,0.3333333333333333,1.5,0
N,553,0.5,1.5,0
N,554,0.6666666666666666,1.5,0
N,555,0.8333333333333334,1.5,0
N,556,1,1.5,0
N,557,1.166666666666667,1.5,0
N,558,1.333333333333333,1.5,0
N,559,1.5,1.5,0
N,560,1.666666666666667,1.5,0
N,561,1.833333333333333,1.5,0
N,562,2,1.5,0
N,563,2.166666666666667,1.5,0
N,564,2.333333333333333,1.5,0
N,565,2.5,1.5,0
N,566,2.666666666666667,1.5,0
N,567,2.833333333333333,1.5,0
N,568,3,1.5,0
N,569,3.166666666666667,1.5,0
N,570,3.333333333333333,1.5,0
N,571,3.5,1.5,0
N,572,3.666666666666667,1.5,0
N,573,3.833333333333333,1.5,0
N,574,4,1.5,0
N,575,4.166666666666667,1.5,0
N,576,4.333333333333333,1.5,0
N,577,4.5,1.5,0
N,578,4.666666666666667,1.5,0
N,579,4.833333333333333,1.5,0
N,580,5,1.5,0
N,581,5.166666666666667,1.5,0
N,582,5.333333333333333,1.5,0
N,583,5.5,1.5,0
N,584,5.666666666666667,1.5,0
N,585,5.833333333333333,1.5,0
N,586,6,1.5,0
N,587,6.166666666666667,1.5,0
N,588,6.333333333333333,1.5,0
N,589,6.5,1.5,0
N,590,6.666666666666667,1.5,0
N,591,6.833333333333333,1.5,0
N,592,7,1.5,0
N,593,7.166666666666667,1.5,0
N,594,7.333333333333333,1.5,0
N,595,7.5,1.5,0
N,596,7.666666666666667,1.5,0
N,597,7.833333333333333,1.5,0
N,598,8,1.5,0
N,599,8.166666666666666,1.5,0
N,600,8.333333333333334,1.5,0
N,601,8.5,1.5,0
N,602,8.666666666666666,1.5,0
N,603,8.833333333333334,1.5,0
N,604,9,1.5,0
N,605,9.166666666666666,1.5,0
N,606,9.333333333333334,1.5,0
N,607,9.5,1.5,0
N,608,9.666666666666666,1.5,0
N,609,9.833333333333334,1.5,0
N,610,10,1.5,0
N,611,0,1.666666666666667,0
N,612,0.1666666666666667,1.666666666666667,0
N,613,0.3333333333333333,1.666666666666667,0
N,614,0.5,1.666666666666667,0
N,615,0.6666666666666666,1.666666666666667,0
N,616,0.8333333333333334,1.666666666666667,0
N,617,1,1.666666666666667,0
N,618,1.166666666666667,1.666666666666667,0
N,619,1.333333333333333,1.666666666666667,0
N,620,1.5,1.666666666666667,0
N,621,1.666666666666667,1.666666666666667,0
N,622,1.833333333333333,1.666666666666667,0
N,623,2,1.666666666666667,0
N,624,2.166666666666667,1.666666666666667,0
N,625,2.333333333333333,1.666666666666667,0
N,626,2.5,1.666666666666667,0
N,627,2.666666666666667,1.666666666666667,0
N,628,2.833333333333333,1.666666666666667,0
N,629,3,1.666666666666667,0
N,630,3.166666666666667,1.666666666666667,0
N,631,3.333333333333333,1.666666666666667,0
N,632,3.5,1.666666666666667,0
N,633,3.666666666666667,1.666666666666667,0
N,634,3.833333333333333,1.666666666666667,0
N,635,4,1.666666666666667,0
N,636,4.166666666666667,1.666666666666667,0
N,637,4.333333333333333,1.666666666666667,0
N,638,4.5,1.666666666666667,0
N,639,4.666666666666667,1.666666666666667,0
N,640,4.833333333333333,1.666666666666667,0
N,641,5,1.666666666666667,0
N,642,5.166666666666667,1.666666666666667,0
N,643,5.333333333333333,1.666666666666667,0
N,644,5.5,1.666666666666667,0
N,645,5.666666666666667,1.666666666666667,0
N,646,5.833333333333333,1.666666666666667,0
N,647,6,1.666666666666667,0
N,648,6.166666666666667,1.666666666666667,0
N,649,6.333333333333333,1.666666666666667,0
N,650,6.5,1.666666666666667,0
N,651,6.666666666666667,1.666666666666667,0
N,652,6.833333333333333,1.666666666666667,0
N,653,7,1.666666666666667,0
N,654,7.166666666666667,1.666666666666667,0
N,655,7.333333333333333,1.666666666666667,0
N,656,7.5,1.666666666666667,0
N,657,7.666666666666667,1.666666666666667,0
N,658,7.833333333333333,1.666666666666667,0
N,659,8,1.666666666666667,0
N,660,8.166666666666666,1.666666666666667,0
N,661,8.333333333333334,1.666666666666667,0
N,662,8.5,1.666666666666667,0
N,663,8.666666666666666,1.666666666666667,0
N,664,8.833333333333334,1.666666666666667,0
N,665,9,1.666666666666667,0
N,666,9.166666666666666,1.666666666666667,0
N,667,9.333333333333334,1.666666666666667,0
N,668,9.5,1.666666666666667,0
N,669,9.666666666666666,1.666666666666667,0
N,670,9.833333333333334,1.666666666666667,0
N,671,10,1.666666666666667,0
N,672,0,1.833333333333333,0
N,673,0.1666666666666667,1.833333333333333,0
N,674,0.3333333333333333,1.833333333333333,0
N,675,0.5,1.833333333333333,0
N,676,0.6666666666666666,1.833333333333333,0
N,677,0.8333333333333334,1.833333333333333,0
N,678,1,1.833333333333333,0
N,679,1.166666666666667,1.833333333333333,0
N,680,1.333333333333333,1.833333333333333,0
N,681,1.5,1.833333333333333,0
N,682,1.666666666666667,1.833333333333333,0
N,683,1.833333333333333,1.833333333333333,0
N,684,2,1.833333333333333,0
N,685,2.166666666666667,1.833333333333333,0
N,686,2.333333333333333,1.833333333333333,0
N,687,2.5,1.833333333333333,0
N,688,2.666666666666667,1.833333333333333,0
N,689,2.833333333333333,1.833333333333333,0
N,690,3,1.833333333333333,0
N,691,3.166666666666667,1.833333333333333,0
N,692,3.333333333333333,1.833333333333333,0
N,693,3.5,1.833333333333333,0
N,694,3.666666666666667,1.833333333333333,0
N,695,3.833333333333333,1.833333333333333,0
N,696,4,1.833333333333333,0
N,697,4.166666666666667,1.833333333333333,0
N,698,4.333333333333333,1.833333333333333,0
N,699,4.5,1.833333333333333,0
N,700,4.666666666666667,1.833333333333333,0
N,701,4.833333333333333,1.833333333333333,0
N,702,5,1.833333333333333,0
N,703,5.166666666666667,1.833333333333333,0
N,704,5.333333333333333,1.833333333333333,0
N,705,5.5,1.833333333333333,0
N,706,5.666666666666667,1.833333333333333,0
N,707,5.833333333333333,1.833333333333333,0
N,708,6,1.833333333333333,0
N,709,6.166666666666667,1.833333333333333,0
N,710,6.333333333333333,1.833333333333333,0
N,711,6.5,1.833333333333333,0
N,712,6.666666666666667,1.833333333333333,0
N,713,6.833333333333333,1.833333333333333,0
N,714,7,1.833333333333333,0
N,715,7.166666666666667,1.833333333333333,0
N,716,7.333333333333333,1.833333333333333,0
N,717,7.5,1.833333333333333,0
N,718,7.666666666666667,1.833333333333333,0
N,719,7.833333333333333,1.833333333333333,0
N,720,8,1.833333333333333,0
N,721,8.166666666666666,1.833333333333333,0
N,722,8.333333333333334,1.833333333333333,0
N,723,8.5,1.833333333333333,0
N,724,8.666666666666666,1.833333333333333,0
N,725,8.833333333333334,1.833333333333333,0
N,726,9,1.833333333333333,0
N,727,9.166666666666666,1.833333333333333,0
N,728,9.333333333333334,1.833333333333333,0
N,729,9.5,1.833333333333333,0
N,730,9.666666666666666,1.833333333333333,0
N,731,9.833333333333334,1.833333333333333,0
N,732,10,1.833333333333333,0
N,733,0,2,0
N,734,0.1666666666666667,2,0
N,735,0.3333333333333333,2,0
N,736,0.5,2,0
N,737,0.6666666666666666,2,0
N,738,0.8333333333333334,2,0
N,739,1,2,0
N,740,1.166666666666667,2,0
N,741,1.333333333333333,2,0
N,742,1.5,2,0
N,743,1.666666666666667,2,0
N,744,1.833333333333333,2,0
N,745,2,2,0
N,746,2.166666666666667,2,0
N,747,2.333333333333333,2,0
N,748,2.5,2,0
N,749,2.666666666666667,2,0
N,750,2.833333333333333,2,0
N,751,3,2,0
N,752,3.166666666666667,2,0
N,753,3.333333333333333,2,0
N,754,3.5,2,0
N,755,3.666666666666667,2,0
N,756,3.833333333333333,2,0
N,757,4,2,0
N,758,4.166666666666667,2,0
N,759,4.333333333333333,2,0
N,760,4.5,2,0
N,761,4.666666666666667,2,0
N,762,4.833333333333333,2,0
N,763,5,2,0
N,764,5.166666666666667,2,0
N,765,5.333333333333333,2,0
N,766,5.5,2,0
N,767,5.666666666666667,2,0
N,768,5.833333333333333,2,0
N,769,6,2,0
N,770,6.166666666666667,2,0
N,771,6.333333333333333,2,0
N,772,6.5,2,0
N,773,6.666666666666667,2,0
N,774,6.833333333333333,2,0
N,775,7,2,0
N,776,7.166666666666667,2,0
N,777,7.333333333333333,2,0
N,778,7.5,2,0
N,779,7.666666666666667,2,0
N,780,7.833333333333333,2,0
N,781,8,2,0
N,782,8.166666666666666,2,0
N,783,8.333333333333334,2,0
N,784,8.5,2,0
N,785,8.666666666666666,2,0
N,786,8.833333333333334,2,0
N,787,9,2,0
N,788,9.166666666666666,2,0
N,789,9.333333333333334,2,0
N,790,9.5,2,0
N,791,9.666666666666666,2,0
N,792,9.833333333333334,2,0
N,793,10,2,0
N,794,0,2.166666666666667,0
N,795,0.1666666666666667,2.166666666666667,0
N,796,0.3333333333333333,2.166666666666667,0
N,797,0.5,2.166666666666667,0
N,798,0.6666666666666666,2.166666666666667,0
N,799,0.8333333333333334,2.166666666666667,0
N,800,1,2.166666666666667,0
N,801,1.166666666666667,2.166666666666667,0
N,802,1.333333333333333,2.166666666666667,0
N,803,1.5,2.166666666666667,0
N,804,1.666666666666667,2.166666666666667,0
N,805,1.833333333333333,2.166666666666667,0
N,806,2,2.166666666666667,0
N,807,2.166666666666667,2.166666666666667,0
N,808,2.333333333333333,2.166666666666667,0
N,809,2.5,2.166666666666667,0
N,810,2.666666666666667,2.166666666666667,0
N,811,2.833333333333333,2.166666666666667,0
N,812,3,2.166666666666667,0
N,813,3.166666666666667,2.166666666666667,0
N,814,3.333333333333333,2.166666666666667,0
N,815,3.5,2.166666666666667,0
N,816,3.666666666666667,2.166666666666667,0
N,817,3.833333333333333,2.166666666666667,0
N,818,4,2.166666666666667,0
N,819,4.166666666666667,2.166666666666667,0
N,820,4.333333333333333,2.166666666666667,0
N,821,4.5,2.166666666666667,0
N,822,4.666666666666667,2.166666666666667,0
N,823,4.833333333333333,2.166666666666667,0
N,824,5,2.166666666666667,0
N,825,5.166666666666667,2.166666666666667,0
N,826,5.333333333333333,2.166666666666667,0
N,827,5.5,2.166666666666667,0
N,828,5.666666666666667,2.166666666666667,0
N,829,5.833333333333333,2.166666666666667,0
N,830,6,2.166666666666667,0
N,831,6.166666666666667,2.166666666666667,0
N,832,6.333333333333333,2.166666666666667,0
N,833,6.5,2.166666666666667,0
N,834,6.666666666666667,2.166666666666667,0
N,835,6.833333333333333,2.166666666666667,0
N,836,7,2.166666666666667,0
N,837,7.166666666666667,2.166666666666667,0
N,838,7.333333333333333,2.166666666666667,0
N,839,7.5,2.166666666666667,0
N,840,7.666666666666667,2.166666666666667,0
N,841,7.833333333333333,2.166666666666667,0
N,842,8,2.166666666666667,0
N,843,8.166666666666666,2.166666666666667,0
N,844,8.333333333333334,2.166666666666667,0
N,845,8.5,2.166666666666667,0
N,846,8.666666666666666,2.166666666666667,0
N,847,8.833333333333334,2.166666666666667,0
N,848,9,2.166666666666667,0
N,849,9.166666666666666,2.166666666666667,0
N,850,9.333333333333334,2.166666666666667,0
N,851,9.5,2.166666666666667,0
N,852,9.666666666666666,2.166666666666667,0
N,853,9.833333333333334,2.166666666666667,0
N,854,10,2.166666666666667,0
N,855,0,2.333333333333333,0
N,856,0.1666666666666667,2.333333333333333,0
N,857,0.3333333333333333,2.333333333333333,0
N,858,0.5,2.333333333333333,0
N,859,0.6666666666666666,2.333333333333333,0
N,860,0.8333333333333334,2.333333333333333,0
N,861,1,2.333333333333333,0
N,862,1.166666666666667,2.333333333333333,0
N,863,1.333333333333333,2.333333333333333,0
N,864,1.5,2.333333333333333,0
N,865,1.666666666666667,2.333333333333333,0
N,866,1.833333333333333,2.333333333333333,0
N,867,2,2.333333333333333,0
N,868,2.166666666666667,2.333333333333333,0
N,869,2.333333333333333,2.333333333333333,0
N,870,2.5,2.333333333333333,0
N,871,2.666666666666667,2.333333333333333,0
N,872,2.833333333333333,2.333333333333333,0
N,873,3,2.333333333333333,0
N,874,3.166666666666667,2.333333333333333,0
N,875,3.333333333333333,2.333333333333333,0
N,876,3.5,2.333333333333333,0
N,877,3.666666666666667,2.333333333333333,0
N,878,3.833333333333333,2.333333333333333,0
N,879,4,2.333333333333333,0
N,880,4.166666666666667,2.333333333333333,0
N,881,4.333333333333333,2.333333333333333,0
N,882,4.5,2.333333333333333,0
N,883,4.666666666666667,2.333333333333333,0
N,884,4.833333333333333,2.333333333333333,0
N,885,5,2.333333333333333,0
N,886,5.166666666666667,2.333333333333333,0
N,887,5.333333333333333,2.333333333333333,0
N,888,5.5,2.333333333333333,0
N,889,5.666666666666667,2.333333333333333,0
N,890,5.833333333333333,2.333333333333333,0
N,891,6,2.333333333333333,0
N,892,6.166666666666667,2.333333333333333,0
N,893,6.333333333333333,2.333333333333333,0
N,894,6.5,2.333333333333333,0
N,895,6.666666666666667,2.333333333333333,0
N,896,6.833333333333333,2.333333333333333,0
N,897,7,2.333333333333333,0
N,898,7.166666666666667,2.333333333333333,0
N,899,7.333333333333333,2.333333333333333,0
N,900,7.5,2.333333333333333,0
N,901,7.666666666666667,2.333333333333333,0
N,902,7.833333333333333,2.333333333333333,0
N,903,8,2.333333333333333,0
N,904,8.166666666666666,2.333333333333333,0
N,905,8.333333333333334,2.333333333333333,0
N,906,8.5,2.333333333333333,0
N,907,8.666666666666666,2.333333333333333,0
N,908,8.833333333333334,2.333333333333333,0
N,909,9,2.333333333333333,0
N,910,9.166666666666666,2.333333333333333,0
N,911,9.333333333333334,2.333333333333333,0
N,912,9.5,2.333333333333333,0
N,913,9.666666666666666,2.333333333333333,0
N,914,9.833333333333334,2.333333333333333,0
N,915,10,2.333333333333333,0
N,916,0,2.5,0
N,917,0.1666666666666667,2.5,0
N,918,0.3333333333333333,2.5,0
N,919,0.5,2.5,0
N,920,0.6666666666666666,2.5,0
N,921,0.8333333333333334,2.5,0
N,922,1,2.5,0
N,923,1.166666666666667,2.5,0
N,924,1.333333333333333,2.5,0
N,925,1.5,2.5,0
N,926,1.666666666666667,2.5,0
N,927,1.833333333333333,2.5,0
N,928,2,2.5,0
N,929,2.166666666666667,2.5,0
N,930,2.333333333333333,2.5,0
N,931,2.5,2.5,0
N,932,2.666666666666667,2.5,0
N,933,2.833333333333333,2.5,0
N,934,3,2.5,0
N,935,3.166666666666667,2.5,0
N,936,3.333333333333333,2.5,0
N,937,3.5,2.5,0
N,938,3.666666666666667,2.5,0
N,939,3.833333333333333,2.5,0
N,940,4,2.5,0
N,941,4.166666666666667,2.5,0
N,942,4.333333333333333,2.5,0
N,943,4.5,2.5,0
N,944,4.666666666666667,2.5,0
N,945,4.833333333333333,2.5,0
N,946,5,2.5,0
N,947,5.166666666666667,2.5,0
N,948,5.333333333333333,2.5,0
N,949,5.5,2.5,0
N,950,5.666666666666667,2.5,0
N,951,5.833333333333333,2.5,0
N,952,6,2.5,0
N,953,6.166666666666667,2.5,0
N,954,6.333333333333333,2.5,0
N,955,6.5,2.5,0
N,956,6.666666666666667,2.5,0
N,957,6.833333333333333,2.5,0
N,958,7,2.5,0
N,959,7.166666666666667,2.5,0
N,960,7.333333333333333,2.5,0
N,961,7.5,2.5,0
N,962,7.666666666666667,2.5,0
N,963,7.833333333333333,2.5,0
N,964,8,2.5,0
N,965,8.166666666666666,2.5,0
N,966,8.333333333333334,2.5,0
N,967,8.5,2.5,0
N,968,8.666666666666666,2.5,0
N,969,8.833333333333334,2.5,0
N,970,9,2.5,0
N,971,9.166666666666666,2.5,0
N,972,9.333333333333334,2.5,0
N,973,9.5,2.5,0
N,974,9.666666666666666,2.5,0
N,975,9.833333333333334,2.5,0
N,976,10,2.5,0
N,977,0,2.666666666666667,0
N,978,0.1666666666666667,2.666666666666667,0
N,979,0.3333333333333333,2.666666666666667,0
N,980,0.5,2.666666666666667,0
N,981,0.6666666666666666,2.666666666666667,0
N,982,0.8333333333333334,2.666666666666667,0
N,983,1,2.666666666666667,0
N,984,1.166666666666667,2.666666666666667,0
N,985,1.333333333333333,2.666666666666667,0
N,986,1.5,2.666666666666667,0
N,987,1.666666666666667,2.666666666666667,0
N,988,1.833333333333333,2.666666666666667,0
N,989,2,2.666666666666667,0
N,990,2.166666666666667,2.666666666666667,0
N,991,2.333333333333333,2.666666666666667,0
N,992,2.5,2.666666666666667,0
N,993,2.666666666666667,2.666666666666667,0
N,994,2.833333333333333,2.666666666666667,0
N,995,3,2.666666666666667,0
N,996,3.166666666666667,2.666666666666667,0
N,997,3.333333333333333,2.666666666666667,0
N,998,3.5,2.666666666666667,0
N,999,3.666666666666667,2.666666666666667,0
N,1000,3.833333333333333,2.666666666666667,0
N,1001,4,2.666666666666667,0
N,1002,4.166666666666667,2.666666666666667,0
N,1003,4.333333333333333,2.666666666666667,0
N,1004,4.5,2.666666666666667,0
N,1005,4.666666666666667,2.666666666666667,0
N,1006,4.833333333333333,2.666666666666667,0
N,1007,5,2.666666666666667,0
N,1008,5.166666666666667,2.666666666666667,0
N,1009,5.333333333333333,2.666666666666667,0
N,1010,5.5,2.666666666666667,0
N,1011,5.666666666666667,2.666666666666667,0
N,1012,5.833333333333333,2.666666666666667,0
N,1013,6,2.666666666666667,0
N,1014,6.166666666666667,2.666666666666667,0
N,1015,6.333333333333333,2.666666666666667,0
N,1016,6.5,2.666666666666667,0
N,1017,6.666666666666667,2.666666666666667,0
N,1018,6.833333333333333,2.666666666666667,0
N,1019,7,2.666666666666667,0
N,1020,7.166666666666667,2.666666666666667,0
N,1021,7.333333333333333,2.666666666666667,0
N,1022,7.5,2.666666666666667,0
N,1023,7.666666666666667,2.666666666666667,0
N,1024,7.833333333333333,2.666666666666667,0
N,1025,8,2.666666666666667,0
N,1026,8.166666666666666,2.666666666666667,0
N,1027,8.333333333333334,2.666666666666667,0
N,1028,8.5,2.666666666666667,0
N,1029,8.666666666666666,2.666666666666667,0
N,1030,8.833333333333334,2.666666666666667,0
N,1031,9,2.666666666666667,0
N,1032,9.166666666666666,2.666666666666667,0
N,1033,9.333333333333334,2.666666666666667,0
N,1034,9.5,2.666666666666667,0
N,1035,9.666666666666666,2.666666666666667,0
N,1036,9.833333333333334,2.666666666666667,0
N,1037,10,2.666666666666667,0
N,1038,0,2.833333333333333,0
N,1039,0.1666666666666667,2.833333333333333,0
N,1040,0.3333333333333333,2.833333333333333,0
N,1041,0.5,2.833333333333333,0
N,1042,0.6666666666666666,2.833333333333333,0
N,1043,0.8333333333333334,2.833333333333333,0
N,1044,1,2.833333333333333,0
N,1045,1.166666666666667,2.833333333333333,0
N,1046,1.333333333333333,2.833333333333333,0
N,1047,1.5,2.833333333333333,0
N,1048,1.666666666666667,2.833333333333333,0
N,1049,1.833333333333333,2.833333333333333,0
N,1050,2,2.833333333333333,0
N,1051,2.166666666666667,2.833333333333333,0
N,1052,2.333333333333333,2.833333333333333,0
N,1053,2.5,2.833333333333333,0
N,1054,2.666666666666667,2.833333333333333,0
N,1055,2.833333333333333,2.833333333333333,0
N,1056,3,2.833333333333333,0
N,1057,3.166666666666667,2.833333333333333,0
N,1058,3.333333333333333,2.833333333333333,0
N,1059,3.5,2.833333333333333,0
N,1060,3.666666666666667,2.833333333333333,0
N,1061,3.833333333333333,2.833333333333333,0
N,1062,4,2.833333333333333,0
N,1063,4.166666666666667,2.833333333333333,0
N,1064,4.333333333333333,2.833333333333333,0
N,1065,4.5,2.833333333333333,0
N,1066,4.666666666666667,2.833333333333333,0
N,1067,4.833333333333333,2.833333333333333,0
N,1068,5,2.833333333333333,0
N,1069,5.166666666666667,2.833333333333333,0
N,1070,5.333333333333333,2.833333333333333,0
N,1071,5.5,2.833333333333333,0
N,1072,5.666666666666667,2.833333333333333,0
N,1073,5.833333333333333,2.833333333333333,0
N,1074,6,2.833333333333333,0
N,1075,6.166666666666667,2.833333333333333,0
N,1076,6.333333333333333,2.833333333333333,0
N,1077,6.5,2.833333333333333,0
N,1078,6.666666666666667,2.833333333333333,0
N,1079,6.833333333333333,2.833333333333333,0
N,1080,7,2.833333333333333,0
N,1081,7.166666666666667,2.833333333333333,0
N,1082,7.333333333333333,2.833333333333333,0
N,1083,7.5,2.833333333333333,0
N,1084,7.666666666666667,2.833333333333333,0
N,1085,7.833333333333333,2.833333333333333,0
N,1086,8,2.833333333333333,0
N,1087,8.166666666666666,2.833333333333333,0
N,1088,8.333333333333334,2.833333333333333,0
N,1089,8.5,2.833333333333333,0
N,1090,8.666666666666666,2.833333333333333,0
N,1091,8.833333333333334,2.833333333333333,0
N,1092,9,2.833333333333333,0
N,1093,9.166666666666666,2.833333333333333,0
N,1094,9.333333333333334,2.833333333333333,0
N,1095,9.5,2.833333333333333,0
N,1096,9.666666666666666,2.833333333333333,0
N,1097,9.833333333333334,2.833333333333333,0
N,1098,10,2.833333333333333,0
N,1099,0,3,0
N,1100,0.1666666666666667,3,0
N,1101,0.3333333333333333,3,0
N,1102,0.5,3,0
N,1103,0.6666666666666666,3,0
N,1104,0.8333333333333334,3,0
N,1105,1,3,0
N,1106,1.166666666666667,3,0
N,1107,1.333333333333333,3,0
N,1108,1.5,3,0
N,1109,1.666666666666667,3,0
N,1110,1.833333333333333,3,0
N,1111,2,3,0
N,1112,2.166666666666667,3,0
N,1113,2.333333333333333,3,0
N,1114,2.5,3,0
N,1115,2.666666666666667,3,0
N,1116,2.833333333333333,3,0
N,1117,3,3,0
N,1118,3.166666666666667,3,0
N,1119,3.333333333333333,3,0
N,1120,3.5,3,0
N,1121,3.666666666666667,3,0
N,1122,3.833333333333333,3,0
N,1123,4,3,0
N,1124,4.166666666666667,3,0
N,1125,4.333333333333333,3,0
N,1126,4.5,3,0
N,1127,4.666666666666667,3,0
N,1128,4.833333333333333,3,0
N,1129,5,3,0
N,1130,5.166666666666667,3,0
N,1131,5.333333333333333,3,0
N,1132,5.5,3,0
N,1133,5.666666666666667,3,0
N,1134,5.833333333333333,3,0
N,1135,6,3,0
N,1136,6.166666666666667,3,0
N,1137,6.333333333333333,3,0
N,1138,6.5,3,0
N,1139,6.666666666666667,3,0
N,1140,6.833333333333333,3,0
N,1141,7,3,0
N,1142,7.166666666666667,3,0
N,1143,7.333333333333333,3,0
N,1144,7.5,3,0
N,1145,7.666666666666667,3,0
N,1146,7.833333333333333,3,0
N,1147,8,3,0
N,1148,8.166666666666666,3,0
N,1149,8.333333333333334,3,0
N,1150,8.5,3,0
N,1151,8.666666666666666,3,0
N,1152,8.833333333333334,3,0
N,1153,9,3,0
N,1154,9.166666666666666,3,0
N,1155,9.333333333333334,3,0
N,1156,9.5,3,0
N,1157,9.666666666666666,3,0
N,1158,9.833333333333334,3,0
N,1159,10,3,0
N,1160,0,3.166666666666667,0
N,1161,0.1666666666666667,3.166666666666667,0
N,1162,0.3333333333333333,3.166666666666667,0
N,1163,0.5,3.166666666666667,0
N,1164,0.6666666666666666,3.166666666666667,0
N,1165,0.8333333333333334,3.166666666666667,0
N,1166,1,3.166666666666667,0
N,1167,1.166666666666667,3.166666666666667,0
N,1168,1.333333333333333,3.166666666666667,0
N,1169,1.5,3.166666666666667,0
N,1170,1.666666666666667,3.166666666666667,0
N,1171,1.833333333333333,3.166666666666667,0
N,1172,2,3.166666666666667,0
N,1173,2.166666666666667,3.166666666666667,0
N,1174,2.333333333333333,3.166666666666667,0
N,1175,2.5,3.166666666666667,0
N,1176,2.666666666666667,3.166666666666667,0
N,1177,2.833333333333333,3.166666666666667,0
N,1178,3,3.166666666666667,0
N,1179,3.166666666666667,3.166666666666667,0
N,1180,3.333333333333333,3.166666666666667,0
N,1181,3.5,3.166666666666667,0
N,1182,3.666666666666667,3.166666666666667,0
N,1183,3.833333333333333,3.166666666666667,0
N,1184,4,3.166666666666667,0
N,1185,4.166666666666667,3.166666666666667,0
N,1186,4.333333333333333,3.166666666666667,0
N,1187,4.5,3.166666666666667,0
N,1188,4.666666666666667,3.166666666666667,0
N,1189,4.833333333333333,3.166666666666667,0
N,1190,5,3.166666666666667,0
N,1191,5.166666666666667,3.166666666666667,0
N,1192,5.333333333333333,3.166666666666667,0
N,1193,5.5,3.166666666666667,0
N,1194,5.666666666666667,3.166666666666667,0
N,1195,5.833333333333333,3.166666666666667,0
N,1196,6,3.166666666666667,0
N,1197,6.166666666666667,3.166666666666667,0
N,1198,6.333333333333333,3.166666666666667,0
N,1199,6.5,3.166666666666667,0
N,1200,6.666666666666667,3.166666666666667,0
N,1201,6.833333333333333,3.166666666666667,0
N,1202,7,3.166666666666667,0
N,1203,7.166666666666667,3.166666666666667,0
N,1204,7.333333333333333,3.166666666666667,0
N,1205,7.5,3.166666666666667,0
N,1206,7.666666666666667,3.166666666666667,0
N,1207,7.833333333333333,3.166666666666667,0
N,1208,8,3.166666666666667,0
N,1209,8.166666666666666,3.166666666666667,0
N,1210,8.333333333333334,3.166666666666667,0
N,1211,8.5,3.166666666666667,0
N,1212,8.666666666666666,3.166666666666667,0
N,1213,8.833333333333334,3.166666666666667,0
N,1214,9,3.166666666666667,0
N,1215,9.166666666666666,3.166666666666667,0
N,1216,9.333333333333334,3.166666666666667,0
N,1217,9.5,3.166666666666667,0
N,1218,9.666666666666666,3.166666666666667,0
N,1219,9.833333333333334,3.166666666666667,0
N,1220,10,3.166666666666667,0
N,1221,0,3.333333333333333,0
N,1222,0.1666666666666667,3.333333333333333,0
N,1223,0.3333333333333333,3.333333333333333,0
N,1224,0.5,3.333333333333333,0
N,1225,0.6666666666666666,3.333333333333333,0
N,1226,0.8333333333333334,3.333333333333333,0
N,1227,1,3.333333333333333,0
N,1228,1.166666666666667,3.333333333333333,0
N,1229,1.333333333333333,3.333333333333333,0
N,1230,1.5,3.333333333333333,0
N,1231,1.666666666666667,3.333333333333333,0
N,1232,1.833333333333333,3.333333333333333,0
N,1233,2,3.333333333333333,0
N,1234,2.166666666666667,3.333333333333333,0
N,1235,2.333333333333333,3.333333333333333,0
N,1236,2.5,3.333333333333333,0
N,1237,2.666666666666667,3.333333333333333,0
N,1238,2.833333333333333,3.333333333333333,0
N,1239,3,3.333333333333333,0
N,1240,3.166666666666667,3.333333333333333,0
N,1241,3.333333333333333,3.333333333333333,0
N,1242,3.5,3.333333333333333,0
N,1243,3.666666666666667,3.333333333333333,0
N,1244,3.833333333333333,3.333333333333333,0
N,1245,4,3.333333333333333,0
N,1246,4.166666666666667,3.333333333333333,0
N,1247,4.333333333333333,3.333333333333333,0
N,1248,4.5,3.333333333333333,0
N,1249,4.666666666666667,3.333333333333333,0
N,1250,4.833333333333333,3.333333333333333,0
N,1251,5,3.333333333333333,0
N,1252,5.166666666666667,3.333333333333333,0
N,1253,5.333333333333333,3.333333333333333,0
N,1254,5.5,3.333333333333333,0
N,1255,5.666666666666667,3.333333333333333,0
N,1256,5.833333333333333,3.333333333333333,0
N,1257,6,3.333333333333333,0
N,1258,6.166666666666667,3.333333333333333,0
N,1259,6.333333333333333,3.333333333333333,0
N,1260,6.5,3.333333333333333,0
N,1261,6.666666666666667,3.333333333333333,0
N,1262,6.833333333333333,3.333333333333333,0
N,1263,7,3.333333333333333,0
N,1264,7.166666666666667,3.333333333333333,0
N,1265,7.333333333333333,3.333333333333333,0
N,1266,7.5,3.333333333333333,0
N,1267,7.666666666666667,3.333333333333333,0
N,1268,7.833333333333333,3.333333333333333,0
N,1269,8,3.333333333333333,0
N,1270,8.166666666666666,3.333333333333333,0
N,1271,8.333333333333334,3.333333333333333,0
N,1272,8.5,3.333333333333333,0
N,1273,8.666666666666666,3.333333333333333,0
N,1274,8.833333333333334,3.333333333333333,0
N,1275,9,3.333333333333333,0
N,1276,9.166666666666666,3.333333333333333,0
N,1277,9.333333333333334,3.333333333333333,0
N,1278,9.5,3.333333333333333,0
N,1279,9.666666666666666,3.333333333333333,0
N,1280,9.833333333333334,3.333333333333333,0
N,1281,10,3.333333333333333,0
N,1282,0,3.5,0
N,1283,0.1666666666666667,3.5,0
N,1284,0.3333333333333333,3.5,0
N,1285,0.5,3.5,0
N,1286,0.6666666666666666,3.5,0
N,1287,0.8333333333333334,3.5,0
N,1288,1,3.5,0
N,1289,1.166666666666667,3.5,0
N,1290,1.333333333333333,3.5,0
N,1291,1.5,3.5,0
N,1292,1.666666666666667,3.5,0
N,1293,1.833333333333333,3.5,0
N,1294,2,3.5,0
N,1295,2.166666666666667,3.5,0
N,1296,2.333333333333333,3.5,0
N,1297,2.5,3.5,0
N,1298,2.666666666666667,3.5,0
N,1299,2.833333333333333,3.5,0
N,1300,3,3.5,0
N,1301,3.166666666666667,3.5,0
N,1302,3.333333333333333,3.5,0
N,1303,3.5,3.5,0
N,1304,3.666666666666667,3.5,0
N,1305,3.833333333333333,3.5,0
N,1306,4,3.5,0
N,1307,4.166666666666667,3.5,0
N,1308,4.333333333333333,3.5,0
N,1309,4.5,3.5,0
N,1310,4.666666666666667,3.5,0
N,1311,4.833333333333333,3.5,0
N,1312,5,3.5,0
N,1313,5.166666666666667,3.5,0
N,1314,5.333333333333333,3.5,0
N,1315,5.5,3.5,0
N,1316,5.666666666666667,3.5,0
N,1317,5.833333333333333,3.5,0
N,1318,6,3.5,0
N,1319,6.166666666666667,3.5,0
N,1320,6.333333333333333,3.5,0
N,1321,6.5,3.5,0
N,1322,6.666666666666667,3.5,0
N,1323,6.833333333333333,3.5,0
N,1324,7,3.5,0
N,1325,7.166666666666667,3.5,0
N,1326,7.333333333333333,3.5,0
N,1327,7.5,3.5,0
N,1328,7.666666666666667,3.5,0
N,1329,7.833333333333333,3.5,0
N,1330,8,3.5,0
N,1331,8.166666666666666,3.5,0
N,1332,8.333333333333334,3.5,0
N,1333,8.5,3.5,0
N,1334,8.666666666666666,3.5,0
N,1335,8.833333333333334,3.5,0
N,1336,9,3.5,0
N,1337,9.166666666666666,3.5,0
N,1338,9.333333333333334,3.5,0
N,1339,9.5,3.5,0
N,1340,9.666666666666666,3.5,0
N,1341,9.833333333333334,3.5,0
N,1342,10,3.5,0
N,1343,0,3.666666666666667,0
N,1344,0.1666666666666667,3.666666666666667,0
N,1345,0.3333333333333333,3.666666666666667,0
N,1346,0.5,3.666666666666667,0
N,1347,0.6666666666666666,3.666666666666667,0
N,1348,0.8333333333333334,3.666666666666667,0
N,1349,1,3.666666666666667,0
N,1350,1.166666666666667,3.666666666666667,0
N,1351,1.333333333333333,3.666666666666667,0
N,1352,1.5,3.666666666666667,0
N,1353,1.666666666666667,3.666666666666667,0
N,1354,1.833333333333333,3.666666666666667,0
N,1355,2,3.666666666666667,0
N,1356,2.166666666666667,3.666666666666667,0
N,1357,2.333333333333333,3.666666666666667,0
N,1358,2.5,3.666666666666667,0
N,1359,2.666666666666667,3.666666666666667,0
N,1360,2.833333333333333,3.666666666666667,0
N,1361,3,3.666666666666667,0
N,1362,3.166666666666667,3.666666666666667,0
N,1363,3.333333333333333,3.666666666666667,0
N,1364,3.5,3.666666666666667,0
N,1365,3.666666666666667,3.666666666666667,0
N,1366,3.833333333333333,3.666666666666667,0
N,1367,4,3.666666666666667,0
N,1368,4.166666666666667,3.666666666666667,0
N,1369,4.333333333333333,3.666666666666667,0
N,1370,4.5,3.666666666666667,0
N,1371,4.666666666666667,3.666666666666667,0
N,1372,4.833333333333333,3.666666666666667,0
N,1373,5,3.666666666666667,0
N,1374,5.166666666666667,3.666666666666667,0
N,1375,5.333333333333333,3.666666666666667,0
N,1376,5.5,3.666666666666667,0
N,1377,5.666666666666667,3.666666666666667,0
N,1378,5.833333333333333,3.666666666666667,0
N,1379,6,3.666666666666667,0
N,1380,6.166666666666667,3.666666666666667,0
N,1381,6.333333333333333,3.666666666666667,0
N,1382,6.5,3.666666666666667,0
N,1383,6.666666666666667,3.666666666666667,0
N,1384,6.833333333333333,3.666666666666667,0
N,1385,7,3.666666666666667,0
N,1386,7.166666666666667,3.666666666666667,0
N,1387,7.333333333333333,3.666666666666667,0
N,1388,7.5,3.666666666666667,0
N,1389,7.666666666666667,3.666666666666667,0
N,1390,7.833333333333333,3.666666666666667,0
N,1391,8,3.666666666666667,0
N,1392,8.166666666666666,3.666666666666667,0
N,1393,8.333333333333334,3.666666666666667,0
N,1394,8.5,3.666666666666667,0
N,1395,8.666666666666666,3.666666666666667,0
N,1396,8.833333333333334,3.666666666666667,0
N,1397,9,3.666666666666667,0
N,1398,9.166666666666666,3.666666666666667,0
N,1399,9.333333333333334,3.666666666666667,0
N,1400,9.5,3.666666666666667,0
N,1401,9.666666666666666,3.666666666666667,0
N,1402,9.833333333333334,3.666666666666667,0
N,1403,10,3.666666666666667,0
N,1404,0,3.833333333333333,0
N,1405,0.1666666666666667,3.833333333333333,0
N,1406,0.3333333333333333,3.833333333333333,0
N,1407,0.5,3.833333333333333,0
N,1408,0.6666666666666666,3.833333333333333,0
N,1409,0.8333333333333334,3.833333333333333,0
N,1410,1,3.833333333333333,0
N,1411,1.166666666666667,3.833333333333333,0
N,1412,1.333333333333333,3.833333333333333,0
N,1413,1.5,3.833333333333333,0
N,1414,1.666666666666667,3.833333333333333,0
N,1415,1.833333333333333,3.833333333333333,0
N,1416,2,3.833333333333333,0
N,1417,2.166666666666667,3.833333333333333,0
N,1418,2.333333333333333,3.833333333333333,0
N,1419,2.5,3.833333333333333,0
N,1420,2.666666666666667,3.833333333333333,0
N,1421,2.833333333333333,3.833333333333333,0
N,1422,3,3.833333333333333,0
N,1423,3.166666666666667,3.833333333333333,0
N,1424,3.333333333333333,3.833333333333333,0
N,1425,3.5,3.833333333333333,0
N,1426,3.666666666666667,3.833333333333333,0
N,1427,3.833333333333333,3.833333333333333,0
N,1428,4,3.833333333333333,0
N,1429,4.166666666666667,3.833333333333333,0
N,1430,4.333333333333333,3.833333333333333,0
N,1431,4.5,3.833333333333333,0
N,1432,4.666666666666667,3.833333333333333,0
N,1433,4.833333333333333,3.833333333333333,0
N,1434,5,3.833333333333333,0
N,1435,5.166666666666667,3.833333333333333,0
N,1436,5.333333333333333,3.833333333333333,0
N,1437,5.5,3.833333333333333,0
N,1438,5.666666666666667,3.833333333333333,0
N,1439,5.833333333333333,3.833333333333333,0
N,1440,6,3.833333333333333,0
N,1441,6.166666666666667,3.833333333333333,0
N,1442,6.333333333333333,3.833333333333333,0
N,1443,6.5,3.833333333333333,0
N,1444,6.666666666666667,3.833333333333333,0
N,1445,6.833333333333333,3.833333333333333,0
N,1446,7,3.833333333333333,0
N,1447,7.166666666666667,3.833333333333333,0
N,1448,7.333333333333333,3.833333333333333,0
N,1449,7.5,3.833333333333333,0
N,1450,7.666666666666667,3.833333333333333,0
N,1451,7.833333333333333,3.833333333333333,0
N,1452,8,3.833333333333333,0
N,1453,8.166666666666666,3.833333333333333,0
N,1454,8.333333333333334,3.833333333333333,0
N,1455,8.5,3.833333333333333,0
N,1456,8.666666666666666,3.833333333333333,0
N,1457,8.833333333333334,3.833333333333333,0
N,1458,9,3.833333333333333,0
N,1459,9.166666666666666,3.833333333333333,0
N,1460,9.333333333333334,3.833333333333333,0
N,1461,9.5,3.833333333333333,0
N,1462,9.666666666666666,3.833333333333333,0
N,1463,9.833333333333334,3.833333333333333,0
N,1464,10,3.833333333333333,0
N,1465,0,4,0
N,1466,0.1666666666666667,4,0
N,1467,0.3333333333333333,4,0
N,1468,0.5,4,0
N,1469,0.6666666666666666,4,0
N,1470,0.8333333333333334,4,0
N,1471,1,4,0
N,1472,1.166666666666667,4,0
N,1473,1.333333333333333,4,0
N,1474,1.5,4,0
N,1475,1.666666666666667,4,0
N,1476,1.833333333333333,4,0
N,1477,2,4,0
N,1478,2.166666666666667,4,0
N,1479,2.333333333333333,4,0
N,1480,2.5,4,0
N,1481,2.666666666666667,4,0
N,1482,2.833333333333333,4,0
N,1483,3,4,0
N,1484,3.166666666666667,4,0
N,1485,3.333333333333333,4,0
N,1486,3.5,4,0
N,1487,3.666666666666667,4,0
N,1488,3.833333333333333,4,0
N,1489,4,4,0
N,1490,4.166666666666667,4,0
N,1491,4.333333333333333,4,0
N,1492,4.5,4,0
N,1493,4.666666666666667,4,0
N,1494,4.833333333333333,4,0
N,1495,5,4,0
N,1496,5.166666666666667,4,0
N,1497,5.333333333333333,4,0
N,1498,5.5,4,0
N,1499,5.666666666666667,4,0
N,1500,5.833333333333333,4,0
N,1501,6,4,0
N,1502,6.166666666666667,4,0
N,1503,6.333333333333333,4,0
N,1504,6.5,4,0
N,1505,6.666666666666667,4,0
N,1506,6.833333333333333,4,0
N,1507,7,4,0
N,1508,7.166666666666667,4,0
N,1509,7.333333333333333,4,0
N,1510,7.5,4,0
N,1511,7.666666666666667,4,0
N,1512,7.833333333333333,4,0
N,1513,8,4,0
N,1514,8.166666666666666,4,0
N,1515,8.333333333333334,4,0
N,1516,8.5,4,0
N,1517,8.666666666666666,4,0
N,1518,8.833333333333334,4,0
N,1519,9,4,0
N,1520,9.166666666666666,4,0
N,1521,9.333333333333334,4,0
N,1522,9.5,4,0
N,1523,9.666666666666666,4,0
N,1524,9.833333333333334,4,0
N,1525,10,4,0
E,1,2,63,62
E,2,3,64,63
E,3,4,65,64
E,4,5,66,65
E,5,6,67,66
E,6,7,68,67
E,7,8,69,68
E,8,9,70,69
E,9,10,71,70
E,10,11,72,71
E,11,12,73,72
E,12,13,74,73
E,13,14,75,74
E,14,15,76,75
E,15,16,77,76
E,16,17,78,77
E,17,18,79,78
E,18,19,80,79
E,19,20,81,80
E,20,21,82,81
E,21,22,83,82
E,22,23,84,83
E,23,24,85,84
E,24,25,86,85
E,25,26,87,86
E,26,27,88,87
E,27,28,89,88
E,28,29,90,89
E,29,30,91,90
E,30,31,92,91
E,31,32,93,92
E,32,33,94,93
E,33,34,95,94
E,34,35,96,95
E,35,36,97,96
E,36,37,98,97
E,37,38,99,98
E,38,39,100,99
E,39,40,101,100
E,40,41,102,101
E,41,42,103,102
E,42,43,104,103
E,43,44,105,104
E,44,45,106,105
E,45,46,107,106
E,46,47,108,107
E,47,48,109,108
E,48,49,110,109
E,49,50,111,110
E,50,51,112,111
E,51,52,113,112
E,52,53,114,113
E,53,54,115,114
E,54,55,116,115
E,55,56,117,116
E,56,57,118,117
E,57,58,119,118
E,58,59,120,119
E,59,60,121,120
E,60,61,122,121
E,62,63,124,123
E,63,64,125,124
E,64,65,126,125
E,65,66,127,126
E,66,67,128,127
E,67,68,129,128
E,68,69,130,129
E,69,70,131,130
E,70,71,132,131
E,71,72,133,132
E,72,73,134,133
E,73,74,135,134
E,74,75,136,135
E,75,76,137,136
E,76,77,138,137
E,77,78,139,138
E,78,79,140,139
E,79,80,141,140
E,80,81,142,141
E,81,82,143,142
E,82,83,144,143
E,83,84,145,144
E,84,85,146,145
E,85,86,147,146
E,86,87,148,147
E,87,88,149,148
E,88,89,150,149
E,89,90,151,150
E,90,91,152,151
E,91,92,153,152
E,92,93,154,153
E,93,94,155,154
E,94,95,156,155
E,95,96,157,156
E,96,97,158,157
E,97,98,159,158
E,98,99,160,159
E,99,100,161,160
E,100,101,162,161
E,101,102,163,162
E,102,103,164,163
E,103,104,165,164
E,104,105,166,165
E,105,106,167,166
E,106,107,168,167
E,107,108,169,168
E,108,109,170,169
E,109,110,171,170
E,110,111,172,171
E,111,112,173,172
E,112,113,174,173
E,113,114,175,174
E,114,115,176,175
E,115,116,177,176
E,116,117,178,177
E,117,118,179,178
E,118,119,180,179
E,119,120,181,180
E,120,121,182,181
E,121,122,183,182
E,123,124,185,184
E,124,125,186,185
E,125,126,187,186
E,126,127,188,187
E,127,128,189,188
E,128,129,190,189
E,129,130,191,190
E,130,131,192,191
E,131,132,193,192
E,132,133,194,193
E,133,134,195,194
E,134,135,196,195
E,135,136,197,196
E,136,137,198,197
E,137,138,199,198
E,138,139,200,199
E,139,140,201,200
E,140,141,202,201
E,141,142,203,202
E,142,143,204,203
E,143,144,205,204
E,144,145,206,205
E,145,146,207,206
E,146,147,208,207
E,147,148,209,208
E,148,149,210,209
E,149,150,211,210
E,150,151,212,211
E,151,152,213,212
E,152,153,214,213
E,153,154,215,214
E,154,155,216,215
E,155,156,217,216
E,156,157,218,217
E,157,158,219,218
E,158,159,220,219
E,159,160,221,220
E,160,161,222,221
E,161,162,223,222
E,162,163,224,223
E,163,164,225,224
E,164,165,226,225
E,165,166,227,226
E,166,167,228,227
E,167,168,229,228
E,168,169,230,229
E,169,170,231,230
E,170,171,232,231
E,171,172,233,232
E,172,173,234,233
E,173,174,235,234
E,174,175,236,235
E,175,176,237,236
E,176,177,238,237
E,177,178,239,238
E,178,179,240,239
E,179,180,241,240
E,180,181,242,241
E,181,182,243,242
E,182,183,244,243
E,184,185,246,245
E,185,186,247,246
E,186,187,248,247
E,187,188,249,248
E,188,189,250,249
E,189,190,251,250
E,190,191,252,251
E,191,192,253,252
E,192,193,254,253
E,193,194,255,254
E,194,195,256,255
E,195,196,257,256
E,196,197,258,257
E,197,198,259,258
E,198,199,260,259
E,199,200,261,260
E,200,201,262,261
E,201,202,263,262
E,202,203,264,263
E,203,204,265,264
E,204,205,266,265
E,205,206,267,266
E,206,207,268,267
E,207,208,269,268
E,208,209,270,269
E,209,210,271,270
E,210,211,272,271
E,211,212,273,272
E,212,213,274,273
E,213,214,275,274
E,214,215,276,275
E,215,216,277,276
E,216,217,278,277
E,217,218,279,278
E,218,219,280,279
E,219,220,281,280
E,220,221,282,281
E,221,222,283,282
E,222,223,284,283
E,223,224,285,284
E,224,225,286,285
E,225,226,287,286
E,226,227,288,287
E,227,228,289,288
E,228,229,290,289
E,229,230,291,290
E,230,231,292,291
E,231,232,293,292
E,232,233,294,293
E,233,234,295,294
E,234,235,296,295
E,235,236,297,296
E,236,237,298,297
E,237,238,299,298
E,238,239,300,299
E,239,240,301,300
E,240,241,302,301
E,241,242,303,302
E,242,243,304,303
E,243,244,305,304
E,245,246,307,306
E,246,247,308,307
E,247,248,309,308
E,248,249,310,309
E,249,250,311,310
E,250,251,312,311
E,251,252,313,312
E,252,253,314,313
E,253,254,315,314
E,254,255,316,315
E,255,256,317,316
E,256,257,318,317
E,257,258,319,318
E,258,259,320,319
E,259,260,321,320
E,260,261,322,321
E,261,262,323,322
E,262,263,324,323
E,263,264,325,324
E,264,265,326,325
E,265,266,327,326
E,266,267,328,327
E,267,268,329,328
E,268,269,330,329
E,269,270,331,330
E,270,271,332,331
E,271,272,333,332
E,272,273,334,333
E,273,274,335,334
E,274,275,336,335
E,275,276,337,336
E,276,277,338,337
E,277,278,339,338
E,278,279,340,339
E,279,280,341,340
E,280,281,342,341
E,281,282,343,342
E,282,283,344,343
E,283,284,345,344
E,284,285,346,345
E,285,286,347,346
E,286,287,348,347
E,287,288,349,348
E,288,289,350,349
E,289,290,351,350
E,290,291,352,351
E,291,292,353,352
E,292,293,354,353
E,293,294,355,354
E,294,295,356,355
E,295,296,357,356
E,296,297,358,357
E,297,298,359,358
E,298,299,360,359
E,299,300,361,360
E,300,301,362,361
E,301,302,363,362
E,302,303,364,363
E,303,304,365,364
E,304,305,366,365
E,306,307,368,367
E,307,308,369,368
E,308,309,370,369
E,309,310,371,370
E,310,311,372,371
E,311,312,373,372
E,312,313,374,373
E,313,314,375,374
E,314,315,376,375
E,315,316,377,376
E,316,317,378,377
E,317,318,379,378
E,318,319,380,379
E,319,320,381,380
E,320,321,382,381
E,321,322,383,382
E,322,323,384,383
E,323,324,385,384
E,324,325,386,385
E,325,326,387,386
E,326,327,388,387
E,327,328,389,388
E,328,329,390,389
E,329,330,391,390
E,330,331,392,391
E,331,332,393,392
E,332,333,394,393
E,333,334,395,394
E,334,335,396,395
E,335,336,397,396
E,336,337,398,397
E,337,338,399,398
E,338,339,400,399
E,339,340,401,400
E,340,341,402,401
E,341,342,403,402
E,342,343,404,403
E,343,344,405,404
E,344,345,406,405
E,345,346,407,406
E,346,347,408,407
E,347,348,409,408
E,348,349,410,409
E,349,350,411,410
E,350,351,412,411
E,351,352,413,412
E,352,353,414,413
E,353,354,415,414
E,354,355,416,415
E,355,356,417,416
E,356,357,418,417
E,357,358,419,418
E,358,359,420,419
E,359,360,421,420
E,360,361,422,421
E,361,362,423,422
E,362,363,424,423
E,363,364,425,424
E,364,365,426,425
E,365,366,427,426
E,367,368,429,428
E,368,369,430,429
E,369,370,431,430
E,370,371,432,431
E,371,372,433,432
E,372,373,434,433
E,373,374,435,434
E,374,375,436,435
E,375,376,437,436
E,376,377,438,437
E,377,378,439,438
E,378,379,440,439
E,379,380,441,440
E,380,381,442,441
E,381,382,443,442
E,382,383,444,443
E,383,384,445,444
E,384,385,446,445
E,385,386,447,446
E,386,387,448,447
E,387,388,449,448
E,388,389,450,449
E,389,390,451,450
E,390,391,452,451
E,391,392,453,452
E,392,393,454,453
E,393,394,455,454
E,394,395,456,455
E,395,396,457,456
E,396,397,458,457
E,397,398,459,458
E,398,399,460,459
E,399,400,461,460
E,400,401,462,461
E,401,402,463,462
E,402,403,464,463
E,403,404,465,464
E,404,405,466,465
E,405,406,467,466
E,406,407,468,467
E,407,408,469,468
E,408,409,470,469
E,409,410,471,470
E,410,411,472,471
E,411,412,473,472
E,412,413,474,473
E,413,414,475,474
E,414,415,476,475
E,415,416,477,476
E,416,417,478,477
E,417,418,479,478
E,418,419,480,479
E,419,420,481,480
E,420,421,482,481
E,421,422,483,482
E,422,423,484,483
E,423,424,485,484
E,424,425,486,485
E,425,426,487,486
E,426,427,488,487
E,428,429,490,489
E,429,430,491,490
E,430,431,492,491
E,431,432,493,492
E,432,433,494,493
E,433,434,495,494
E,434,435,496,495
E,435,436,497,496
E,436,437,498,497
E,437,438,499,498
E,438,439,500,499
E,439,440,501,500
E,440,441,502,501
E,441,442,503,502
E,442,443,504,503
E,443,444,505,504
E,444,445,506,505
E,445,446,507,506
E,446,447,508,507
E,447,448,509,508
E,448,449,510,509
E,449,450,511,510
E,450,451,512,511
E,451,452,513,512
E,452,453,514,513
E,453,454,515,514
E,454,455,516,515
E,455,456,517,516
E,456,457,518,517
E,457,458,519,518
E,458,459,520,519
E,459,460,521,520
E,460,461,522,521
E,461,462,523,522
E,462,463,524,523
E,463,464,525,524
E,464,465,526,525
E,465,466,527,526
E,466,467,528,527
E,467,468,529,528
E,468,469,530,529
E,469,470,531,530
E,470,471,532,531
E,471,472,533,532
E,472,473,534,533
E,473,474,535,534
E,474,475,536,535
E,475,476,537,536
E,476,477,538,537
E,477,478,539,538
E,478,479,540,539
E,479,480,541,540
E,480,481,542,541
E,481,482,543,542
E,482,483,544,543
E,483,484,545,544
E,484,485,546,545
E,485,486,547,546
E,486,487,548,547
E,487,488,549,548
E,489,490,551,550
E,490,491,552,551
E,491,492,553,552
E,492,493,554,553
E,493,494,555,554
E,494,495,556,555
E,495,496,557,556
E,496,497,558,557
E,497,498,559,558
E,498,499,560,559
E,499,500,561,560
E,500,501,562,561
E,501,502,563,562
E,502,503,564,563
E,503,504,565,564
E,504,505,566,565
E,505,506,567,566
E,506,507,568,567
E,507,508,569,568
E,508,509,570,569
E,509,510,571,570
E,510,511,572,571
E,511,512,573,572
E,512,513,574,573
E,513,514,575,574
E,514,515,576,575
E,515,516,577,576
E,516,517,578,577
E,517,518,579,578
E,518,519,580,579
E,519,520,581,580
E,520,521,582,581
E,521,522,583,582
E,522,523,584,583
E,523,524,585,584
E,524,525,586,585
E,525,526,587,586
E,526,527,588,587
E,527,528,589,588
E,528,529,590,589
E,529,530,591,590
E,530,531,592,591
E,531,532,593,592
E,532,533,594,593
E,533,534,595,594
E,534,535,596,595
E,535,536,597,596
E,536,537,598,597
E,537,538,599,598
E,538,539,600,599
E,539,540,601,600
E,540,541,602,601
E,541,542,603,602
E,542,543,604,603
E,543,544,605,604
E,544,545,606,605
E,545,546,607,606
E,546,547,608,607
E,547,548,609,608
E,548,549,610,609
E,550,551,612,611
E,551,552,613,612
E,552,553,614,613
E,553,554,615,614
E,554,555,616,615
E,555,556,617,616
E,556,557,618,617
E,557,558,619,618
E,558,559,620,619
E,559,560,621,620
E,560,561,622,621
E,561,562,623,622
E,562,563,624,623
E,563,564,625,624
E,564,565,626,625
E,565,566,627,626
E,566,567,628,627
E,567,568,629,628
E,568,569,630,629
E,569,570,631,630
E,570,571,632,631
E,571,572,633,632
E,572,573,634,633
E,573,574,635,634
E,574,575,636,635
E,575,576,637,636
E,576,577,638,637
E,577,578,639,638
E,578,579,640,639
E,579,580,641,640
E,580,581,642,641
E,581,582,643,642
E,582,583,644,643
E,583,584,645,644
E,584,585,646,645
E,585,586,647,646
E,586,587,648,647
E,587,588,649,648
E,588,589,650,649
E,589,590,651,650
E,590,591,652,651
E,591,592,653,652
E,592,593,654,653
E,593,594,655,654
E,594,595,656,655
E,595,596,657,656
E,596,597,658,657
E,597,598,659,658
E,598,599,660,659
E,599,600,661,660
E,600,601,662,661
E,601,602,663,662
E,602,603,664,663
E,603,604,665,664
E,604,605,666,665
E,605,606,667,666
E,606,607,668,667
E,607,608,669,668
E,608,609,670,669
E,609,610,671,670
E,611,612,673,672
E,612,613,674,673
E,613,614,675,674
E,614,615,676,675
E,615,616,677,676
E,616,617,678,677
E,617,618,679,678
E,618,619,680,679
E,619,620,681,680
E,620,621,682,681
E,621,622,683,682
E,622,623,684,683
E,623,624,685,684
E,624,625,686,685
E,625,626,687,686
E,626,627,688,687
E,627,628,689,688
E,628,629,690,689
E,629,630,691,690
E,630,631,692,691
E,631,632,693,692
E,632,633,694,693
E,633,634,695,694
E,634,635,696,695
E,635,636,697,696
E,636,637,698,697
E,637,638,699,698
E,638,639,700,699
E,639,640,701,700
E,640,641,702,701
E,641,642,703,702
E,642,643,704,703
E,643,644,705,704
E,644,645,706,705
E,645,646,707,706
E,646,647,708,707
E,647,648,709,708
E,648,649,710,709
E,649,650,711,710
E,650,651,712,711
E,651,652,713,712
E,652,653,714,713
E,653,654,715,714
E,654,655,716,715
E,655,656,717,716
E,656,657,718,717
E,657,658,719,718
E,658,659,720,719
E,659,660,721,720
E,660,661,722,721
E,661,662,723,722
E,662,663,724,723
E,663,664,725,724
E,664,665,726,725
E,665,666,727,726
E,666,667,728,727
E,667,668,729,728
E,668,669,730,729
E,669,670,731,730
E,670,671,732,731
E,672,673,734,733
E,673,674,735,734
E,674,675,736,735
E,675,676,737,736
E,676,677,738,737
E,677,678,739,738
E,678,679,740,739
E,679,680,741,740
E,680,681,742,741
E,681,682,743,742
E,682,683,744,743
E,683,684,745,744
E,684,685,746,745
E,685,686,747,746
E,686,687,748,747
E,687,688,749,748
E,688,689,750,749
E,689,690,751,750
E,690,691,752,751
E,691,692,753,752
E,692,693,754,753
E,693,694,755,754
E,694,695,756,755
E,695,696,757,756
E,696,697,758,757
E,697,698,759,758
E,698,699,760,759
E,699,700,761,760
E,700,701,762,761
E,701,702,763,762
E,702,703,764,763
E,703,704,765,764
E,704,705,766,765
E,705,706,767,766
E,706,707,768,767
E,707,708,769,768
E,708,709,770,769
E,709,710,771,770
E,710,711,772,771
E,711,712,773,772
E,712,713,774,773
E,713,714,775,774
E,714,715,776,775
E,715,716,777,776
E,716,717,778,777
E,717,718,779,778
E,718,719,780,779
E,719,720,781,780
E,720,721,782,781
E,721,722,783,782
E,722,723,784,783
E,723,724,785,784
E,724,725,786,785
E,725,726,787,786
E,726,727,788,787
E,727,728,789,788
E,728,729,790,789
E,729,730,791,790
E,730,731,792,791
E,731,732,793,792
E,733,734,795,794
E,734,735,796,795
E,735,736,797,796
E,736,737,798,797
E,737,738,799,798
E,738,739,800,799
E,739,740,801,800
E,740,741,802,801
E,741,742,803,802
E,742,743,804,803
E,743,744,805,804
E,744,745,806,805
E,745,746,807,806
E,746,747,808,807
E,747,748,809,808
E,748,749,810,809
E,749,750,811,810
E,750,751,812,811
E,751,752,813,812
E,752,753,814,813
E,753,754,815,814
E,754,755,816,815
E,755,756,817,816
E,756,757,818,817
E,757,758,819,818
E,758,759,820,819
E,759,760,821,820
E,760,761,822,821
E,761,762,823,822
E,762,763,824,823
E,763,764,825,824
E,764,765,826,825
E,765,766,827,826
E,766,767,828,827
E,767,768,829,828
E,768,769,830,829
E,769,770,831,830
E,770,771,832,831
E,771,772,833,832
E,772,773,834,833
E,773,774,835,834
E,774,775,836,835
E,775,776,837,836
E,776,777,838,837
E,777,778,839,838
E,778,779,840,839
E,779,780,841,840
E,780,781,842,841
E,781,782,843,842
E,782,783,844,843
E,783,784,845,844
E,784,785,846,845
E,785,786,847,846
E,786,787,848,847
E,787,788,849,848
E,788,789,850,849
E,789,790,851,850
E,790,791,852,851
E,791,792,853,852
E,792,793,854,853
E,794,795,856,855
E,795,796,857,856
E,796,797,858,857
E,797,798,859,858
E,798,799,860,859
E,799,800,861,860
E,800,801,862,861
E,801,802,863,862
E,802,803,864,863
E,803,804,865,864
E,804,805,866,865
E,805,806,867,866
E,806,807,868,867
E,807,808,869,868
E,808,809,870,869
E,809,810,871,870
E,810,811,872,871
E,811,812,873,872
E,812,813,874,873
E,813,814,875,874
E,814,815,876,875
E,815,816,877,876
E,816,817,878,877
E,817,818,879,878
E,818,819,880,879
E,819,820,881,880
E,820,821,882,881
E,821,822,883,882
E,822,823,884,883
E,823,824,885,884
E,824,825,886,885
E,825,826,887,886
E,826,827,888,887
E,827,828,889,888
E,828,829,890,889
E,829,830,891,890
E,830,831,892,891
E,831,832,893,892
E,832,833,894,893
E,833,834,895,894
E,834,835,896,895
E,835,836,897,896
E,836,837,898,897
E,837,838,899,898
E,838,839,900,899
E,839,840,901,900
E,840,841,902,901
E,841,842,903,902
E,842,843,904,903
E,843,844,905,904
E,844,845,906,905
E,845,846,907,906
E,846,847,908,907
E,847,848,909,908
E,848,849,910,909
E,849,850,911,910
E,850,851,912,911
E,851,852,913,912
E,852,853,914,913
E,853,854,915,914
E,855,856,917,916
E,856,857,918,917
E,857,858,919,918
E,858,859,920,919
E,859,860,921,920
E,860,861,922,921
E,861,862,923,922
E,862,863,924,923
E,863,864,925,924
E,864,865,926,925
E,865,866,927,926
E,866,867,928,927
E,867,868,929,928
E,868,869,930,929
E,869,870,931,930
E,870,871,932,931
E,871,872,933,932
E,872,873,934,933
E,873,874,935,934
E,874,875,936,935
E,875,876,937,936
E,876,877,938,937
E,877,878,939,938
E,878,879,940,939
E,879,880,941,940
E,880,881,942,941
E,881,882,943,942
E,882,883,944,943
E,883,884,945,944
E,884,885,946,945
E,885,886,947,946
E,886,887,948,947
E,887,888,949,948
E,888,889,950,949
E,889,890,951,950
E,890,891,952,951
E,891,892,953,952
E,892,893,954,953
E,893,894,955,954
E,894,895,956,955
E,895,896,957,956
E,896,897,958,957
E,897,898,959,958
E,898,899,960,959
E,899,900,961,960
E,900,901,962,961
E,901,902,963,962
E,902,903,964,963
E,903,904,965,964
E,904,905,966,965
E,905,906,967,966
E,906,907,968,967
E,907,908,969,968
E,908,909,970,969
E,909,910,971,970
E,910,911,972,971
E,911,912,973,972
E,912,913,974,973
E,913,914,975,974
E,914,915,976,975
E,916,917,978,977
E,917,918,979,978
E,918,919,980,979
E,919,920,981,980
E,920,921,982,981
E,921,922,983,982
E,922,923,984,983
E,923,924,985,984
E,924,925,986,985
E,925,926,987,986
E,926,927,988,987
E,927,928,989,988
E,928,929,990,989
E,929,930,991,990
E,930,931,992,991
E,931,932,993,992
E,932,933,994,993
E,933,934,995,994
E,934,935,996,995
E,935,936,997,996
E,936,937,998,997
E,937,938,999,998
E,938,939,1000,999
E,939,940,1001,1000
E,940,941,1002,1001
E,941,942,1003,1002
E,942,943,1004,1003
E,943,944,1005,1004
E,944,945,1006,1005
E,945,946,1007,1006
E,946,947,1008,1007
E,947,948,1009,1008
E,948,949,1010,1009
E,949,950,1011,1010
E,950,951,1012,1011
E,951,952,1013,1012
E,952,953,1014,1013
E,953,954,1015,1014
E,954,955,1016,1015
E,955,956,1017,1016
E,956,957,1018,1017
E,957,958,1019,1018
E,958,959,1020,1019
E,959,960,1021,1020
E,960,961,1022,1021
E,961,962,1023,1022
E,962,963,1024,1023
E,963,964,1025,1024
E,964,965,1026,1025
E,965,966,1027,1026
E,966,967,1028,1027
E,967,968,1029,1028
E,968,969,1030,1029
E,969,970,1031,1030
E,970,971,1032,1031
E,971,972,1033,1032
E,972,973,1034,1033
E,973,974,1035,1034
E,974,975,1036,1035
E,975,976,1037,1036
E,977,978,1039,1038
E,978,979,1040,1039
E,979,980,1041,1040
E,980,981,1042,1041
E,981,982,1043,1042
E,982,983,1044,1043
E,983,984,1045,1044
E,984,985,1046,1045
E,985,986,1047,1046
E,986,987,1048,1047
E,987,988,1049,1048
E,988,989,1050,1049
E,989,990,1051,1050
E,990,991,1052,1051
E,991,992,1053,1052
E,992,993,1054,1053
E,993,994,1055,1054
E,994,995,1056,1055
E,995,996,1057,1056
E,996,997,1058,1057
E,997,998,1059,1058
E,998,999,1060,1059
E,999,1000,1061,1060
E,1000,1001,1062,1061
E,1001,1002,1063,1062
E,1002,1003,1064,1063
E,1003,1004,1065,1064
E,1004,1005,1066,1065
E,1005,1006,1067,1066
E,1006,1007,1068,1067
E,1007,1008,1069,1068
E,1008,1009,1070,1069
E,1009,1010,1071,1070
E,1010,1011,1072,1071
E,1011,1012,1073,1072
E,1012,1013,1074,1073
E,1013,1014,1075,1074
E,1014,1015,1076,1075
E,1015,1016,1077,1076
E,1016,1017,1078,1077
E,1017,1018,1079,1078
E,1018,1019,1080,1079
E,1019,1020,1081,1080
E,1020,1021,1082,1081
E,1021,1022,1083,1082
E,1022,1023,1084,1083
E,1023,1024,1085,1084
E,1024,1025,1086,1085
E,1025,1026,1087,1086
E,1026,1027,1088,1087
E,1027,1028,1089,1088
E,1028,1029,1090,1089
E,1029,1030,1091,1090
E,1030,1031,1092,1091
E,1031,1032,1093,1092
E,1032,1033,1094,1093
E,1033,1034,1095,1094
E,1034,1035,1096,1095
E,1035,1036,1097,1096
E,1036,1037,1098,1097
E,1038,1039,1100,1099
E,1039,1040,1101,1100
E,1040,1041,1102,1101
E,1041,1042,1103,1102
E,1042,1043,1104,1103
E,1043,1044,1105,1104
E,1044,1045,1106,1105
E,1045,1046,1107,1106
E,1046,1047,1108,1107
E,1047,1048,1109,1108
E,1048,1049,1110,1109
E,1049,1050,1111,1110
E,1050,1051,1112,1111
E,1051,1052,1113,1112
E,1052,1053,1114,1113
E,1053,1054,1115,1114
E,1054,1055,1116,1115
E,1055,1056,1117,1116
E,1056,1057,1118,1117
E,1057,1058,1119,1118
E,1058,1059,1120,1119
E,1059,1060,1121,1120
E,1060,1061,1122,1121
E,1061,1062,1123,1122
E,1062,1063,1124,1123
E,1063,1064,1125,1124
E,1064,1065,1126,1125
E,1065,1066,1127,1126
E,1066,1067,1128,1127
E,1067,1068,1129,1128
E,1068,1069,1130,1129
E,1069,1070,1131,1130
E,1070,1071,1132,1131
E,1071,1072,1133,1132
E,1072,1073,1134,1133
E,1073,1074,1135,1134
E,1074,1075,1136,1135
E,1075,1076,1137,1136
E,1076,1077,1138,1137
E,1077,1078,1139,1138
E,1078,1079,1140,1139
E,1079,1080,1141,1140
E,1080,1081,1142,1141
E,1081,1082,1143,1142
E,1082,1083,1144,1143
E,1083,1084,1145,1144
E,1084,1085,1146,1145
E,1085,1086,1147,1146
E,1086,1087,1148,1147
E,1087,1088,1149,1148
E,1088,1089,1150,1149
E,1089,1090,1151,1150
E,1090,1091,1152,1151
E,1091,1092,1153,1152
E,1092,1093,1154,1153
E,1093,1094,1155,1154
E,1094,1095,1156,1155
E,1095,1096,1157,1156
E,1096,1097,1158,1157
E,1097,1098,1159,1158
E,1099,1100,1161,1160
E,1100,1101,1162,1161
E,1101,1102,1163,1162
E,1102,1103,1164,1163
E,1103,1104,1165,1164
E,1104,1105,1166,1165
E,1105,1106,1167,1166
E,1106,1107,1168,1167
E,1107,1108,1169,1168
E,1108,1109,1170,1169
E,1109,1110,1171,1170
E,1110,1111,1172,1171
E,1111,1112,1173,1172
E,1112,1113,1174,1173
E,1113,1114,1175,1174
E,1114,1115,1176,1175
E,1115,1116,1177,1176
E,1116,1117,1178,1177
E,1117,1118,1179,1178
E,1118,1119,1180,1179
E,1119,1120,1181,1180
E,1120,1121,1182,1181
E,1121,1122,1183,1182
E,1122,1123,1184,1183
E,1123,1124,1185,1184
E,1124,1125,1186,1185
E,1125,1126,1187,1186
E,1126,1127,1188,1187
E,1127,1128,1189,1188
E,1128,1129,1190,1189
E,1129,1130,1191,1190
E,1130,1131,1192,1191
E,1131,1132,1193,1192
E,1132,1133,1194,1193
E,1133,1134,1195,1194
E,1134,1135,1196,1195
E,1135,1136,1197,1196
E,1136,1137,1198,1197
E,1137,1138,1199,1198
E,1138,1139,1200,1199
E,1139,1140,1201,1200
E,1140,1141,1202,1201
E,1141,1142,1203,1202
E,1142,1143,1204,1203
E,1143,1144,1205,1204
E,1144,1145,1206,1205
E,1145,1146,1207,1206
E,1146,1147,1208,1207
E,1147,1148,1209,1208
E,1148,1149,1210,1209
E,1149,1150,1211,1210
E,1150,1151,1212,1211
E,1151,1152,1213,1212
E,1152,1153,1214,1213
E,1153,1154,1215,1214
E,1154,1155,1216,1215
E,1155,1156,1217,1216
E,1156,1157,1218,1217
E,1157,1158,1219,1218
E,1158,1159,1220,1219
E,1160,1161,1222,1221
E,1161,1162,1223,1222
E,1162,1163,1224,1223
E,1163,1164,1225,1224
E,1164,1165,1226,1225
E,1165,1166,1227,1226
E,1166,1167,1228,1227
E,1167,1168,1229,1228
E,1168,1169,1230,1229
E,1169,1170,1231,1230
E,1170,1171,1232,1231
E,1171,1172,1233,1232
E,1172,1173,1234,1233
E,1173,1174,1235,1234
E,1174,1175,1236,1235
E,1175,1176,1237,1236
E,1176,1177,1238,1237
E,1177,1178,1239,1238
E,1178,1179,1240,1239
E,1179,1180,1241,1240
E,1180,1181,1242,1241
E,1181,1182,1243,1242
E,1182,1183,1244,1243
E,1183,1184,1245,1244
E,1184,1185,1246,1245
E,1185,1186,1247,1246
E,1186,1187,1248,1247
E,1187,1188,1249,1248
E,1188,1189,1250,1249
E,1189,1190,1251,1250
E,1190,1191,1252,1251
E,1191,1192,1253,1252
E,1192,1193,1254,1253
E,1193,1194,1255,1254
E,1194,1195,1256,1255
E,1195,1196,1257,1256
E,1196,1197,1258,1257
E,1197,1198,1259,1258
E,1198,1199,1260,1259
E,1199,1200,1261,1260
E,1200,1201,1262,1261
E,1201,1202,1263,1262
E,1202,1203,1264,1263
E,1203,1204,1265,1264
E,1204,1205,1266,1265
E,1205,1206,1267,1266
E,1206,1207,1268,1267
E,1207,1208,1269,1268
E,1208,1209,1270,1269
E,1209,1210,1271,1270
E,1210,1211,1272,1271
E,1211,1212,1273,1272
E,1212,1213,1274,1273
E,1213,1214,1275,1274
E,1214,1215,1276,1275
E,1215,1216,1277,1276
E,1216,1217,1278,1277
E,1217,1218,1279,1278
E,1218,1219,1280,1279
E,1219,1220,1281,1280
E,1221,1222,1283,1282
E,1222,1223,1284,1283
E,1223,1224,1285,1284
E,1224,1225,1286,1285
E,1225,1226,1287,1286
E,1226,1227,1288,1287
E,1227,1228,1289,1288
E,1228,1229,1290,1289
E,1229,1230,1291,1290
E,1230,1231,1292,1291
E,1231,1232,1293,1292
E,1232,1233,1294,1293
E,1233,1234,1295,1294
E,1234,1235,1296,1295
E,1235,1236,1297,1296
E,1236,1237,1298,1297
E,1237,1238,1299,1298
E,1238,1239,1300,1299
E,1239,1240,1301,1300
E,1240,1241,1302,1301
E,1241,1242,1303,1302
E,1242,1243,1304,1303
E,1243,1244,1305,1304
E,1244,1245,1306,1305
E,1245,1246,1307,1306
E,1246,1247,1308,1307
E,1247,1248,1309,1308
E,1248,1249,1310,1309
E,1249,1250,1311,1310
E,1250,1251,1312,1311
E,1251,1252,1313,1312
E,1252,1253,1314,1313
E,1253,1254,1315,1314
E,1254,1255,1316,1315
E,1255,1256,1317,1316
E,1256,1257,1318,1317
E,1257,1258,1319,1318
E,1258,1259,1320,1319
E,1259,1260,1321,1320
E,1260,1261,1322,1321
E,1261,1262,1323,1322
E,1262,1263,1324,1323
E,1263,1264,1325,1324
E,1264,1265,1326,1325
E,1265,1266,1327,1326
E,1266,1267,1328,1327
E,1267,1268,1329,1328
E,1268,1269,1330,1329
E,1269,1270,1331,1330
E,1270,1271,1332,1331
E,1271,1272,1333,1332
E,1272,1273,1334,1333
E,1273,1274,1335,1334
E,1274,1275,1336,1335
E,1275,1276,1337,1336
E,1276,1277,1338,1337
E,1277,1278,1339,1338
E,1278,1279,1340,1339
E,1279,1280,1341,1340
E,1280,1281,1342,1341
E,1282,1283,1344,1343
E,1283,1284,1345,1344
E,1284,1285,1346,1345
E,1285,1286,1347,1346
E,1286,1287,1348,1347
E,1287,1288,1349,1348
E,1288,1289,1350,1349
E,1289,1290,1351,1350
E,1290,1291,1352,1351
E,1291,1292,1353,1352
E,1292,1293,1354,1353
E,1293,1294,1355,1354
E,1294,1295,1356,1355
E,1295,1296,1357,1356
E,1296,1297,1358,1357
E,1297,1298,1359,1358
E,1298,1299,1360,1359
E,1299,1300,1361,1360
E,1300,1301,1362,1361
E,1301,1302,1363,1362
E,1302,1303,1364,1363
E,1303,1304,1365,1364
E,1304,1305,1366,1365
E,1305,1306,1367,1366
E,1306,1307,1368,1367
E,1307,1308,1369,1368
E,1308,1309,1370,1369
E,1309,1310,1371,1370
E,1310,1311,1372,1371
E,1311,1312,1373,1372
E,1312,1313,1374,1373
E,1313,1314,1375,1374
E,1314,1315,1376,1375
E,1315,1316,1377,1376
E,1316,1317,1378,1377
E,1317,1318,1379,1378
E,1318,1319,1380,1379
E,1319,1320,1381,1380
E,1320,1321,1382,1381
E,1321,1322,1383,1382
E,1322,1323,1384,1383
E,1323,1324,1385,1384
E,1324,1325,1386,1385
E,1325,1326,1387,1386
E,1326,1327,1388,1387
E,1327,1328,1389,1388
E,1328,1329,1390,1389
E,1329,1330,1391,1390
E,1330,1331,1392,1391
E,1331,1332,1393,1392
E,1332,1333,1394,1393
E,1333,1334,1395,1394
E,1334,1335,1396,1395
E,1335,1336,1397,1396
E,1336,1337,1398,1397
E,1337,1338,1399,1398
E,1338,1339,1400,1399
E,1339,1340,1401,1400
E,1340,1341,1402,1401
E,1341,1342,1403,1402
E,1343,1344,1405,1404
E,1344,1345,1406,1405
E,1345,1346,1407,1406
E,1346,1347,1408,1407
E,1347,1348,1409,1408
E,1348,1349,1410,1409
E,1349,1350,1411,1410
E,1350,1351,1412,1411
E,1351,1352,1413,1412
E,1352,1353,1414,1413
E,1353,1354,1415,1414
E,1354,1355,1416,1415
E,1355,1356,1417,1416
E,1356,1357,1418,1417
E,1357,1358,1419,1418
E,1358,1359,1420,1419
E,1359,1360,1421,1420
E,1360,1361,1422,1421
E,1361,1362,1423,1422
E,1362,1363,1424,1423
E,1363,1364,1425,1424
E,1364,1365,1426,1425
E,1365,1366,1427,1426
E,1366,1367,1428,1427
E,1367,1368,1429,1428
E,1368,1369,1430,1429
E,1369,1370,1431,1430
E,1370,1371,1432,1431
E,1371,1372,1433,1432
E,1372,1373,1434,1433
E,1373,1374,1435,1434
E,1374,1375,1436,1435
E,1375,1376,1437,1436
E,1376,1377,1438,1437
E,1377,1378,1439,1438
E,1378,1379,1440,1439
E,1379,1380,1441,1440
E,1380,1381,1442,1441
E,1381,1382,1443,1442
E,1382,1383,1444,1443
E,1383,1384,1445,1444
E,1384,1385,1446,1445
E,1385,1386,1447,1446
E,1386,1387,1448,1447
E,1387,1388,1449,1448
E,1388,1389,1450,1449
E,1389,1390,1451,1450
E,1390,1391,1452,1451
E,1391,1392,1453,1452
E,1392,1393,1454,1453
E,1393,1394,1455,1454
E,1394,1395,1456,1455
E,1395,1396,1457,1456
E,1396,1397,1458,1457
E,1397,1398,1459,1458
E,1398,1399,1460,1459
E,1399,1400,1461,1460
E,1400,1401,1462,1461
E,1401,1402,1463,1462
E,1402,1403,1464,1463
E,1404,1405,1466,1465
E,1405,1406,1467,1466
E,1406,1407,1468,1467
E,1407,1408,1469,1468
E,1408,1409,1470,1469
E,1409,1410,1471,1470
E,1410,1411,1472,1471
E,1411,1412,1473,1472
E,1412,1413,1474,1473
E,1413,1414,1475,1474
E,1414,1415,1476,1475
E,1415,1416,1477,1476
E,1416,1417,1478,1477
E,1417,1418,1479,1478
E,1418,1419,1480,1479
E,1419,1420,1481,1480
E,1420,1421,1482,1481
E,1421,1422,1483,1482
E,1422,1423,1484,1483
E,1423,1424,1485,1484
E,1424,1425,1486,1485
E,1425,1426,1487,1486
E,1426,1427,1488,1487
E,1427,1428,1489,1488
E,1428,1429,1490,1489
E,1429,1430,1491,1490
E,1430,1431,1492,1491
E,1431,1432,1493,1492
E,1432,1433,1494,1493
E,1433,1434,1495,1494
E,1434,1435,1496,1495
E,1435,1436,1497,1496
E,1436,1437,1498,1497
E,1437,1438,1499,1498
E,1438,1439,1500,1499
E,1439,1440,1501,1500
E,1440,1441,1502,1501
E,1441,1442,1503,1502
E,1442,1443,1504,1503
E,1443,1444,1505,1504
E,1444,1445,1506,1505
E,1445,1446,1507,1506
E,1446,1447,1508,1507
E,1447,1448,1509,1508
E,1448,1449,1510,1509
E,1449,1450,1511,1510
E,1450,1451,1512,1511
E,1451,1452,1513,1512
E,1452,1453,1514,1513
E,1453,1454,1515,1514
E,1454,1455,1516,1515
E,1455,1456,1517,1516
E,1456,1457,1518,1517
E,1457,1458,1519,1518
E,1458,1459,1520,1519
E,1459,1460,1521,1520
E,1460,1461,1522,1521
E,1461,1462,1523,1522
E,1462,1463,1524,1523
E,1463,1464,1525,1524
D,1,UY,0
D,2,UY,0
D,3,UY,0
D,4,UY,0
D,5,UY,0
D,6,UY,0
D,7,UY,0
D,8,UY,0
D,9,UY,0
D,10,UY,0
D,11,UY,0
D,12,UY,0
D,13,UY,0
D,14,UY,0
D,15,UY,0
D,16,UY,0
D,17,UY,0
D,18,UY,0
D,19,UY,0
D,20,UY,0
D,21,UY,0
D,22,UY,0
D,23,UY,0
D,24,UY,0
D,25,UY,0
D,26,UY,0
D,27,UY,0
D,28,UY,0
D,29,UY,0
D,30,UY,0
D,31,UY,0
D,32,UY,0
D,33,UY,0
D,34,UY,0
D,35,UY,0
D,36,UY,0
D,37,UY,0
D,38,UY,0
D,39,UY,0
D,40,UY,0
D,41,UY,0
D,42,UY,0
D,43,UY,0
D,44,UY,0
D,45,UY,0
D,46,UY,0
D,47,UY,0
D,48,UY,0
D,49,UY,0
D,50,UY,0
D,51,UY,0
D,52,UY,0
D,53,UY,0
D,54,UY,0
D,55,UY,0
D,56,UY,0
D,57,UY,0
D,58,UY,0
D,59,UY,0
D,60,UY,0
D,61,UY,0
D,1,UX,0
N,900001,0,4.02,0
N,900002,10,4.02,0
D,900001,ALL,0
D,900002,ALL,0
TYPE,2
REAL,3
MAT,1
E,900001,900002
TYPE,3
REAL,3
MAT,1
E,1466,1465
E,1467,1466
E,1468,1467
E,1469,1468
E,1470,1469
E,1471,1470
E,1472,1471
E,1473,1472
E,1474,1473
E,1475,1474
E,1476,1475
E,1477,1476
E,1478,1477
E,1479,1478
E,1480,1479
E,1481,1480
E,1482,1481
E,1483,1482
E,1484,1483
E,1485,1484
E,1486,1485
E,1487,1486
E,1488,1487
E,1489,1488
E,1490,1489
E,1491,1490
E,1492,1491
E,1493,1492
E,1494,1493
E,1495,1494
E,1496,1495
E,1497,1496
E,1498,1497
E,1499,1498
E,1500,1499
E,1501,1500
E,1502,1501
E,1503,1502
E,1504,1503
E,1505,1504
E,1506,1505
E,1507,1506
E,1508,1507
E,1509,1508
E,1510,1509
E,1511,1510
E,1512,1511
E,1513,1512
E,1514,1513
E,1515,1514
E,1516,1515
E,1517,1516
E,1518,1517
E,1519,1518
E,1520,1519
E,1521,1520
E,1522,1521
E,1523,1522
E,1524,1523
E,1525,1524
ALLSEL,ALL
FINISH
/SOLU
ANTYPE,STATIC
NLGEOM,ON
AUTOTS,ON
KBC,0
NROPT,FULL
OUTRES,ALL,LAST
TREF,20
NSEL,S,NODE,,1,1525
BF,ALL,TEMP,120
ALLSEL,ALL
TIME,1
NSUBST,20,200,5
SOLVE
FINISH
/POST1
SET,LAST
ETABLE,CPRES,CONT,PRES
ETABLE,PENE,CONT,PENE
ETABLE,CSTAT,CONT,STAT
ETABLE,CSFRIC,CONT,SFRIC
*CFOPEN,contact_values,csv
EIDV=1442
XV=0.08333333333333333
*GET,PV,ELEM,1442,ETAB,CPRES
*GET,PENV,ELEM,1442,ETAB,PENE
*GET,STATV,ELEM,1442,ETAB,CSTAT
*GET,FRICV,ELEM,1442,ETAB,CSFRIC
*VWRITE,EIDV,XV,PV,PENV,STATV,FRICV
(6(E24.16,','))
EIDV=1443
XV=0.25
*GET,PV,ELEM,1443,ETAB,CPRES
*GET,PENV,ELEM,1443,ETAB,PENE
*GET,STATV,ELEM,1443,ETAB,CSTAT
*GET,FRICV,ELEM,1443,ETAB,CSFRIC
*VWRITE,EIDV,XV,PV,PENV,STATV,FRICV
(6(E24.16,','))
EIDV=1444
XV=0.4166666666666667
*GET,PV,ELEM,1444,ETAB,CPRES
*GET,PENV,ELEM,1444,ETAB,PENE
*GET,STATV,ELEM,1444,ETAB,CSTAT
*GET,FRICV,ELEM,1444,ETAB,CSFRIC
*VWRITE,EIDV,XV,PV,PENV,STATV,FRICV
(6(E24.16,','))
EIDV=1445
XV=0.5833333333333334
*GET,PV,ELEM,1445,ETAB,CPRES
*GET,PENV,ELEM,1445,ETAB,PENE
*GET,STATV,ELEM,1445,ETAB,CSTAT
*GET,FRICV,ELEM,1445,ETAB,CSFRIC
*VWRITE,EIDV,XV,PV,PENV,STATV,FRICV
(6(E24.16,','))
EIDV=1446
XV=0.75
*GET,PV,ELEM,1446,ETAB,CPRES
*GET,PENV,ELEM,1446,ETAB,PENE
*GET,STATV,ELEM,1446,ETAB,CSTAT
*GET,FRICV,ELEM,1446,ETAB,CSFRIC
*VWRITE,EIDV,XV,PV,PENV,STATV,FRICV
(6(E24.16,','))
EIDV=1447
XV=0.9166666666666666
*GET,PV,ELEM,1447,ETAB,CPRES
*GET,PENV,ELEM,1447,ETAB,PENE
*GET,STATV,ELEM,1447,ETAB,CSTAT
*GET,FRICV,ELEM,1447,ETAB,CSFRIC
*VWRITE,EIDV,XV,PV,PENV,STATV,FRICV
(6(E24.16,','))
EIDV=1448
XV=1.083333333333333
*GET,PV,ELEM,1448,ETAB,CPRES
*GET,PENV,ELEM,1448,ETAB,PENE
*GET,STATV,ELEM,1448,ETAB,CSTAT
*GET,FRICV,ELEM,1448,ETAB,CSFRIC
*VWRITE,EIDV,XV,PV,PENV,STATV,FRICV
(6(E24.16,','))
EIDV=1449
XV=1.25
*GET,PV,ELEM,1449,ETAB,CPRES
*GET,PENV,ELEM,1449,ETAB,PENE
*GET,STATV,ELEM,1449,ETAB,CSTAT
*GET,FRICV,ELEM,1449,ETAB,CSFRIC
*VWRITE,EIDV,XV,PV,PENV,STATV,FRICV
(6(E24.16,','))
EIDV=1450
XV=1.416666666666667
*GET,PV,ELEM,1450,ETAB,CPRES
*GET,PENV,ELEM,1450,ETAB,PENE
*GET,STATV,ELEM,1450,ETAB,CSTAT
*GET,FRICV,ELEM,1450,ETAB,CSFRIC
*VWRITE,EIDV,XV,PV,PENV,STATV,FRICV
(6(E24.16,','))
EIDV=1451
XV=1.583333333333333
*GET,PV,ELEM,1451,ETAB,CPRES
*GET,PENV,ELEM,1451,ETAB,PENE
*GET,STATV,ELEM,1451,ETAB,CSTAT
*GET,FRICV,ELEM,1451,ETAB,CSFRIC
*VWRITE,EIDV,XV,PV,PENV,STATV,FRICV
(6(E24.16,','))
EIDV=1452
XV=1.75
*GET,PV,ELEM,1452,ETAB,CPRES
*GET,PENV,ELEM,1452,ETAB,PENE
*GET,STATV,ELEM,1452,ETAB,CSTAT
*GET,FRICV,ELEM,1452,ETAB,CSFRIC
*VWRITE,EIDV,XV,PV,PENV,STATV,FRICV
(6(E24.16,','))
EIDV=1453
XV=1.916666666666667
*GET,PV,ELEM,1453,ETAB,CPRES
*GET,PENV,ELEM,1453,ETAB,PENE
*GET,STATV,ELEM,1453,ETAB,CSTAT
*GET,FRICV,ELEM,1453,ETAB,CSFRIC
*VWRITE,EIDV,XV,PV,PENV,STATV,FRICV
(6(E24.16,','))
EIDV=1454
XV=2.083333333333333
*GET,PV,ELEM,1454,ETAB,CPRES
*GET,PENV,ELEM,1454,ETAB,PENE
*GET,STATV,ELEM,1454,ETAB,CSTAT
*GET,FRICV,ELEM,1454,ETAB,CSFRIC
*VWRITE,EIDV,XV,PV,PENV,STATV,FRICV
(6(E24.16,','))
EIDV=1455
XV=2.25
*GET,PV,ELEM,1455,ETAB,CPRES
*GET,PENV,ELEM,1455,ETAB,PENE
*GET,STATV,ELEM,1455,ETAB,CSTAT
*GET,FRICV,ELEM,1455,ETAB,CSFRIC
*VWRITE,EIDV,XV,PV,PENV,STATV,FRICV
(6(E24.16,','))
EIDV=1456
XV=2.416666666666667
*GET,PV,ELEM,1456,ETAB,CPRES
*GET,PENV,ELEM,1456,ETAB,PENE
*GET,STATV,ELEM,1456,ETAB,CSTAT
*GET,FRICV,ELEM,1456,ETAB,CSFRIC
*VWRITE,EIDV,XV,PV,PENV,STATV,FRICV
(6(E24.16,','))
EIDV=1457
XV=2.583333333333333
*GET,PV,ELEM,1457,ETAB,CPRES
*GET,PENV,ELEM,1457,ETAB,PENE
*GET,STATV,ELEM,1457,ETAB,CSTAT
*GET,FRICV,ELEM,1457,ETAB,CSFRIC
*VWRITE,EIDV,XV,PV,PENV,STATV,FRICV
(6(E24.16,','))
EIDV=1458
XV=2.75
*GET,PV,ELEM,1458,ETAB,CPRES
*GET,PENV,ELEM,1458,ETAB,PENE
*GET,STATV,ELEM,1458,ETAB,CSTAT
*GET,FRICV,ELEM,1458,ETAB,CSFRIC
*VWRITE,EIDV,XV,PV,PENV,STATV,FRICV
(6(E24.16,','))
EIDV=1459
XV=2.916666666666667
*GET,PV,ELEM,1459,ETAB,CPRES
*GET,PENV,ELEM,1459,ETAB,PENE
*GET,STATV,ELEM,1459,ETAB,CSTAT
*GET,FRICV,ELEM,1459,ETAB,CSFRIC
*VWRITE,EIDV,XV,PV,PENV,STATV,FRICV
(6(E24.16,','))
EIDV=1460
XV=3.083333333333333
*GET,PV,ELEM,1460,ETAB,CPRES
*GET,PENV,ELEM,1460,ETAB,PENE
*GET,STATV,ELEM,1460,ETAB,CSTAT
*GET,FRICV,ELEM,1460,ETAB,CSFRIC
*VWRITE,EIDV,XV,PV,PENV,STATV,FRICV
(6(E24.16,','))
EIDV=1461
XV=3.25
*GET,PV,ELEM,1461,ETAB,CPRES
*GET,PENV,ELEM,1461,ETAB,PENE
*GET,STATV,ELEM,1461,ETAB,CSTAT
*GET,FRICV,ELEM,1461,ETAB,CSFRIC
*VWRITE,EIDV,XV,PV,PENV,STATV,FRICV
(6(E24.16,','))
EIDV=1462
XV=3.416666666666667
*GET,PV,ELEM,1462,ETAB,CPRES
*GET,PENV,ELEM,1462,ETAB,PENE
*GET,STATV,ELEM,1462,ETAB,CSTAT
*GET,FRICV,ELEM,1462,ETAB,CSFRIC
*VWRITE,EIDV,XV,PV,PENV,STATV,FRICV
(6(E24.16,','))
EIDV=1463
XV=3.583333333333333
*GET,PV,ELEM,1463,ETAB,CPRES
*GET,PENV,ELEM,1463,ETAB,PENE
*GET,STATV,ELEM,1463,ETAB,CSTAT
*GET,FRICV,ELEM,1463,ETAB,CSFRIC
*VWRITE,EIDV,XV,PV,PENV,STATV,FRICV
(6(E24.16,','))
EIDV=1464
XV=3.75
*GET,PV,ELEM,1464,ETAB,CPRES
*GET,PENV,ELEM,1464,ETAB,PENE
*GET,STATV,ELEM,1464,ETAB,CSTAT
*GET,FRICV,ELEM,1464,ETAB,CSFRIC
*VWRITE,EIDV,XV,PV,PENV,STATV,FRICV
(6(E24.16,','))
EIDV=1465
XV=3.916666666666667
*GET,PV,ELEM,1465,ETAB,CPRES
*GET,PENV,ELEM,1465,ETAB,PENE
*GET,STATV,ELEM,1465,ETAB,CSTAT
*GET,FRICV,ELEM,1465,ETAB,CSFRIC
*VWRITE,EIDV,XV,PV,PENV,STATV,FRICV
(6(E24.16,','))
EIDV=1466
XV=4.083333333333333
*GET,PV,ELEM,1466,ETAB,CPRES
*GET,PENV,ELEM,1466,ETAB,PENE
*GET,STATV,ELEM,1466,ETAB,CSTAT
*GET,FRICV,ELEM,1466,ETAB,CSFRIC
*VWRITE,EIDV,XV,PV,PENV,STATV,FRICV
(6(E24.16,','))
EIDV=1467
XV=4.25
*GET,PV,ELEM,1467,ETAB,CPRES
*GET,PENV,ELEM,1467,ETAB,PENE
*GET,STATV,ELEM,1467,ETAB,CSTAT
*GET,FRICV,ELEM,1467,ETAB,CSFRIC
*VWRITE,EIDV,XV,PV,PENV,STATV,FRICV
(6(E24.16,','))
EIDV=1468
XV=4.416666666666667
*GET,PV,ELEM,1468,ETAB,CPRES
*GET,PENV,ELEM,1468,ETAB,PENE
*GET,STATV,ELEM,1468,ETAB,CSTAT
*GET,FRICV,ELEM,1468,ETAB,CSFRIC
*VWRITE,EIDV,XV,PV,PENV,STATV,FRICV
(6(E24.16,','))
EIDV=1469
XV=4.583333333333333
*GET,PV,ELEM,1469,ETAB,CPRES
*GET,PENV,ELEM,1469,ETAB,PENE
*GET,STATV,ELEM,1469,ETAB,CSTAT
*GET,FRICV,ELEM,1469,ETAB,CSFRIC
*VWRITE,EIDV,XV,PV,PENV,STATV,FRICV
(6(E24.16,','))
EIDV=1470
XV=4.75
*GET,PV,ELEM,1470,ETAB,CPRES
*GET,PENV,ELEM,1470,ETAB,PENE
*GET,STATV,ELEM,1470,ETAB,CSTAT
*GET,FRICV,ELEM,1470,ETAB,CSFRIC
*VWRITE,EIDV,XV,PV,PENV,STATV,FRICV
(6(E24.16,','))
EIDV=1471
XV=4.916666666666667
*GET,PV,ELEM,1471,ETAB,CPRES
*GET,PENV,ELEM,1471,ETAB,PENE
*GET,STATV,ELEM,1471,ETAB,CSTAT
*GET,FRICV,ELEM,1471,ETAB,CSFRIC
*VWRITE,EIDV,XV,PV,PENV,STATV,FRICV
(6(E24.16,','))
EIDV=1472
XV=5.083333333333333
*GET,PV,ELEM,1472,ETAB,CPRES
*GET,PENV,ELEM,1472,ETAB,PENE
*GET,STATV,ELEM,1472,ETAB,CSTAT
*GET,FRICV,ELEM,1472,ETAB,CSFRIC
*VWRITE,EIDV,XV,PV,PENV,STATV,FRICV
(6(E24.16,','))
EIDV=1473
XV=5.25
*GET,PV,ELEM,1473,ETAB,CPRES
*GET,PENV,ELEM,1473,ETAB,PENE
*GET,STATV,ELEM,1473,ETAB,CSTAT
*GET,FRICV,ELEM,1473,ETAB,CSFRIC
*VWRITE,EIDV,XV,PV,PENV,STATV,FRICV
(6(E24.16,','))
EIDV=1474
XV=5.416666666666667
*GET,PV,ELEM,1474,ETAB,CPRES
*GET,PENV,ELEM,1474,ETAB,PENE
*GET,STATV,ELEM,1474,ETAB,CSTAT
*GET,FRICV,ELEM,1474,ETAB,CSFRIC
*VWRITE,EIDV,XV,PV,PENV,STATV,FRICV
(6(E24.16,','))
EIDV=1475
XV=5.583333333333333
*GET,PV,ELEM,1475,ETAB,CPRES
*GET,PENV,ELEM,1475,ETAB,PENE
*GET,STATV,ELEM,1475,ETAB,CSTAT
*GET,FRICV,ELEM,1475,ETAB,CSFRIC
*VWRITE,EIDV,XV,PV,PENV,STATV,FRICV
(6(E24.16,','))
EIDV=1476
XV=5.75
*GET,PV,ELEM,1476,ETAB,CPRES
*GET,PENV,ELEM,1476,ETAB,PENE
*GET,STATV,ELEM,1476,ETAB,CSTAT
*GET,FRICV,ELEM,1476,ETAB,CSFRIC
*VWRITE,EIDV,XV,PV,PENV,STATV,FRICV
(6(E24.16,','))
EIDV=1477
XV=5.916666666666667
*GET,PV,ELEM,1477,ETAB,CPRES
*GET,PENV,ELEM,1477,ETAB,PENE
*GET,STATV,ELEM,1477,ETAB,CSTAT
*GET,FRICV,ELEM,1477,ETAB,CSFRIC
*VWRITE,EIDV,XV,PV,PENV,STATV,FRICV
(6(E24.16,','))
EIDV=1478
XV=6.083333333333333
*GET,PV,ELEM,1478,ETAB,CPRES
*GET,PENV,ELEM,1478,ETAB,PENE
*GET,STATV,ELEM,1478,ETAB,CSTAT
*GET,FRICV,ELEM,1478,ETAB,CSFRIC
*VWRITE,EIDV,XV,PV,PENV,STATV,FRICV
(6(E24.16,','))
EIDV=1479
XV=6.25
*GET,PV,ELEM,1479,ETAB,CPRES
*GET,PENV,ELEM,1479,ETAB,PENE
*GET,STATV,ELEM,1479,ETAB,CSTAT
*GET,FRICV,ELEM,1479,ETAB,CSFRIC
*VWRITE,EIDV,XV,PV,PENV,STATV,FRICV
(6(E24.16,','))
EIDV=1480
XV=6.416666666666667
*GET,PV,ELEM,1480,ETAB,CPRES
*GET,PENV,ELEM,1480,ETAB,PENE
*GET,STATV,ELEM,1480,ETAB,CSTAT
*GET,FRICV,ELEM,1480,ETAB,CSFRIC
*VWRITE,EIDV,XV,PV,PENV,STATV,FRICV
(6(E24.16,','))
EIDV=1481
XV=6.583333333333333
*GET,PV,ELEM,1481,ETAB,CPRES
*GET,PENV,ELEM,1481,ETAB,PENE
*GET,STATV,ELEM,1481,ETAB,CSTAT
*GET,FRICV,ELEM,1481,ETAB,CSFRIC
*VWRITE,EIDV,XV,PV,PENV,STATV,FRICV
(6(E24.16,','))
EIDV=1482
XV=6.75
*GET,PV,ELEM,1482,ETAB,CPRES
*GET,PENV,ELEM,1482,ETAB,PENE
*GET,STATV,ELEM,1482,ETAB,CSTAT
*GET,FRICV,ELEM,1482,ETAB,CSFRIC
*VWRITE,EIDV,XV,PV,PENV,STATV,FRICV
(6(E24.16,','))
EIDV=1483
XV=6.916666666666667
*GET,PV,ELEM,1483,ETAB,CPRES
*GET,PENV,ELEM,1483,ETAB,PENE
*GET,STATV,ELEM,1483,ETAB,CSTAT
*GET,FRICV,ELEM,1483,ETAB,CSFRIC
*VWRITE,EIDV,XV,PV,PENV,STATV,FRICV
(6(E24.16,','))
EIDV=1484
XV=7.083333333333333
*GET,PV,ELEM,1484,ETAB,CPRES
*GET,PENV,ELEM,1484,ETAB,PENE
*GET,STATV,ELEM,1484,ETAB,CSTAT
*GET,FRICV,ELEM,1484,ETAB,CSFRIC
*VWRITE,EIDV,XV,PV,PENV,STATV,FRICV
(6(E24.16,','))
EIDV=1485
XV=7.25
*GET,PV,ELEM,1485,ETAB,CPRES
*GET,PENV,ELEM,1485,ETAB,PENE
*GET,STATV,ELEM,1485,ETAB,CSTAT
*GET,FRICV,ELEM,1485,ETAB,CSFRIC
*VWRITE,EIDV,XV,PV,PENV,STATV,FRICV
(6(E24.16,','))
EIDV=1486
XV=7.416666666666667
*GET,PV,ELEM,1486,ETAB,CPRES
*GET,PENV,ELEM,1486,ETAB,PENE
*GET,STATV,ELEM,1486,ETAB,CSTAT
*GET,FRICV,ELEM,1486,ETAB,CSFRIC
*VWRITE,EIDV,XV,PV,PENV,STATV,FRICV
(6(E24.16,','))
EIDV=1487
XV=7.583333333333333
*GET,PV,ELEM,1487,ETAB,CPRES
*GET,PENV,ELEM,1487,ETAB,PENE
*GET,STATV,ELEM,1487,ETAB,CSTAT
*GET,FRICV,ELEM,1487,ETAB,CSFRIC
*VWRITE,EIDV,XV,PV,PENV,STATV,FRICV
(6(E24.16,','))
EIDV=1488
XV=7.75
*GET,PV,ELEM,1488,ETAB,CPRES
*GET,PENV,ELEM,1488,ETAB,PENE
*GET,STATV,ELEM,1488,ETAB,CSTAT
*GET,FRICV,ELEM,1488,ETAB,CSFRIC
*VWRITE,EIDV,XV,PV,PENV,STATV,FRICV
(6(E24.16,','))
EIDV=1489
XV=7.916666666666667
*GET,PV,ELEM,1489,ETAB,CPRES
*GET,PENV,ELEM,1489,ETAB,PENE
*GET,STATV,ELEM,1489,ETAB,CSTAT
*GET,FRICV,ELEM,1489,ETAB,CSFRIC
*VWRITE,EIDV,XV,PV,PENV,STATV,FRICV
(6(E24.16,','))
EIDV=1490
XV=8.083333333333334
*GET,PV,ELEM,1490,ETAB,CPRES
*GET,PENV,ELEM,1490,ETAB,PENE
*GET,STATV,ELEM,1490,ETAB,CSTAT
*GET,FRICV,ELEM,1490,ETAB,CSFRIC
*VWRITE,EIDV,XV,PV,PENV,STATV,FRICV
(6(E24.16,','))
EIDV=1491
XV=8.25
*GET,PV,ELEM,1491,ETAB,CPRES
*GET,PENV,ELEM,1491,ETAB,PENE
*GET,STATV,ELEM,1491,ETAB,CSTAT
*GET,FRICV,ELEM,1491,ETAB,CSFRIC
*VWRITE,EIDV,XV,PV,PENV,STATV,FRICV
(6(E24.16,','))
EIDV=1492
XV=8.416666666666666
*GET,PV,ELEM,1492,ETAB,CPRES
*GET,PENV,ELEM,1492,ETAB,PENE
*GET,STATV,ELEM,1492,ETAB,CSTAT
*GET,FRICV,ELEM,1492,ETAB,CSFRIC
*VWRITE,EIDV,XV,PV,PENV,STATV,FRICV
(6(E24.16,','))
EIDV=1493
XV=8.583333333333334
*GET,PV,ELEM,1493,ETAB,CPRES
*GET,PENV,ELEM,1493,ETAB,PENE
*GET,STATV,ELEM,1493,ETAB,CSTAT
*GET,FRICV,ELEM,1493,ETAB,CSFRIC
*VWRITE,EIDV,XV,PV,PENV,STATV,FRICV
(6(E24.16,','))
EIDV=1494
XV=8.75
*GET,PV,ELEM,1494,ETAB,CPRES
*GET,PENV,ELEM,1494,ETAB,PENE
*GET,STATV,ELEM,1494,ETAB,CSTAT
*GET,FRICV,ELEM,1494,ETAB,CSFRIC
*VWRITE,EIDV,XV,PV,PENV,STATV,FRICV
(6(E24.16,','))
EIDV=1495
XV=8.916666666666666
*GET,PV,ELEM,1495,ETAB,CPRES
*GET,PENV,ELEM,1495,ETAB,PENE
*GET,STATV,ELEM,1495,ETAB,CSTAT
*GET,FRICV,ELEM,1495,ETAB,CSFRIC
*VWRITE,EIDV,XV,PV,PENV,STATV,FRICV
(6(E24.16,','))
EIDV=1496
XV=9.083333333333334
*GET,PV,ELEM,1496,ETAB,CPRES
*GET,PENV,ELEM,1496,ETAB,PENE
*GET,STATV,ELEM,1496,ETAB,CSTAT
*GET,FRICV,ELEM,1496,ETAB,CSFRIC
*VWRITE,EIDV,XV,PV,PENV,STATV,FRICV
(6(E24.16,','))
EIDV=1497
XV=9.25
*GET,PV,ELEM,1497,ETAB,CPRES
*GET,PENV,ELEM,1497,ETAB,PENE
*GET,STATV,ELEM,1497,ETAB,CSTAT
*GET,FRICV,ELEM,1497,ETAB,CSFRIC
*VWRITE,EIDV,XV,PV,PENV,STATV,FRICV
(6(E24.16,','))
EIDV=1498
XV=9.416666666666666
*GET,PV,ELEM,1498,ETAB,CPRES
*GET,PENV,ELEM,1498,ETAB,PENE
*GET,STATV,ELEM,1498,ETAB,CSTAT
*GET,FRICV,ELEM,1498,ETAB,CSFRIC
*VWRITE,EIDV,XV,PV,PENV,STATV,FRICV
(6(E24.16,','))
EIDV=1499
XV=9.583333333333334
*GET,PV,ELEM,1499,ETAB,CPRES
*GET,PENV,ELEM,1499,ETAB,PENE
*GET,STATV,ELEM,1499,ETAB,CSTAT
*GET,FRICV,ELEM,1499,ETAB,CSFRIC
*VWRITE,EIDV,XV,PV,PENV,STATV,FRICV
(6(E24.16,','))
EIDV=1500
XV=9.75
*GET,PV,ELEM,1500,ETAB,CPRES
*GET,PENV,ELEM,1500,ETAB,PENE
*GET,STATV,ELEM,1500,ETAB,CSTAT
*GET,FRICV,ELEM,1500,ETAB,CSFRIC
*VWRITE,EIDV,XV,PV,PENV,STATV,FRICV
(6(E24.16,','))
EIDV=1501
XV=9.916666666666666
*GET,PV,ELEM,1501,ETAB,CPRES
*GET,PENV,ELEM,1501,ETAB,PENE
*GET,STATV,ELEM,1501,ETAB,CSTAT
*GET,FRICV,ELEM,1501,ETAB,CSFRIC
*VWRITE,EIDV,XV,PV,PENV,STATV,FRICV
(6(E24.16,','))
*CFCLOS
*CFOPEN,reaction,csv
RFY=0
*GET,RV,NODE,1,RF,FY
RFY=RFY+RV
*GET,RV,NODE,2,RF,FY
RFY=RFY+RV
*GET,RV,NODE,3,RF,FY
RFY=RFY+RV
*GET,RV,NODE,4,RF,FY
RFY=RFY+RV
*GET,RV,NODE,5,RF,FY
RFY=RFY+RV
*GET,RV,NODE,6,RF,FY
RFY=RFY+RV
*GET,RV,NODE,7,RF,FY
RFY=RFY+RV
*GET,RV,NODE,8,RF,FY
RFY=RFY+RV
*GET,RV,NODE,9,RF,FY
RFY=RFY+RV
*GET,RV,NODE,10,RF,FY
RFY=RFY+RV
*GET,RV,NODE,11,RF,FY
RFY=RFY+RV
*GET,RV,NODE,12,RF,FY
RFY=RFY+RV
*GET,RV,NODE,13,RF,FY
RFY=RFY+RV
*GET,RV,NODE,14,RF,FY
RFY=RFY+RV
*GET,RV,NODE,15,RF,FY
RFY=RFY+RV
*GET,RV,NODE,16,RF,FY
RFY=RFY+RV
*GET,RV,NODE,17,RF,FY
RFY=RFY+RV
*GET,RV,NODE,18,RF,FY
RFY=RFY+RV
*GET,RV,NODE,19,RF,FY
RFY=RFY+RV
*GET,RV,NODE,20,RF,FY
RFY=RFY+RV
*GET,RV,NODE,21,RF,FY
RFY=RFY+RV
*GET,RV,NODE,22,RF,FY
RFY=RFY+RV
*GET,RV,NODE,23,RF,FY
RFY=RFY+RV
*GET,RV,NODE,24,RF,FY
RFY=RFY+RV
*GET,RV,NODE,25,RF,FY
RFY=RFY+RV
*GET,RV,NODE,26,RF,FY
RFY=RFY+RV
*GET,RV,NODE,27,RF,FY
RFY=RFY+RV
*GET,RV,NODE,28,RF,FY
RFY=RFY+RV
*GET,RV,NODE,29,RF,FY
RFY=RFY+RV
*GET,RV,NODE,30,RF,FY
RFY=RFY+RV
*GET,RV,NODE,31,RF,FY
RFY=RFY+RV
*GET,RV,NODE,32,RF,FY
RFY=RFY+RV
*GET,RV,NODE,33,RF,FY
RFY=RFY+RV
*GET,RV,NODE,34,RF,FY
RFY=RFY+RV
*GET,RV,NODE,35,RF,FY
RFY=RFY+RV
*GET,RV,NODE,36,RF,FY
RFY=RFY+RV
*GET,RV,NODE,37,RF,FY
RFY=RFY+RV
*GET,RV,NODE,38,RF,FY
RFY=RFY+RV
*GET,RV,NODE,39,RF,FY
RFY=RFY+RV
*GET,RV,NODE,40,RF,FY
RFY=RFY+RV
*GET,RV,NODE,41,RF,FY
RFY=RFY+RV
*GET,RV,NODE,42,RF,FY
RFY=RFY+RV
*GET,RV,NODE,43,RF,FY
RFY=RFY+RV
*GET,RV,NODE,44,RF,FY
RFY=RFY+RV
*GET,RV,NODE,45,RF,FY
RFY=RFY+RV
*GET,RV,NODE,46,RF,FY
RFY=RFY+RV
*GET,RV,NODE,47,RF,FY
RFY=RFY+RV
*GET,RV,NODE,48,RF,FY
RFY=RFY+RV
*GET,RV,NODE,49,RF,FY
RFY=RFY+RV
*GET,RV,NODE,50,RF,FY
RFY=RFY+RV
*GET,RV,NODE,51,RF,FY
RFY=RFY+RV
*GET,RV,NODE,52,RF,FY
RFY=RFY+RV
*GET,RV,NODE,53,RF,FY
RFY=RFY+RV
*GET,RV,NODE,54,RF,FY
RFY=RFY+RV
*GET,RV,NODE,55,RF,FY
RFY=RFY+RV
*GET,RV,NODE,56,RF,FY
RFY=RFY+RV
*GET,RV,NODE,57,RF,FY
RFY=RFY+RV
*GET,RV,NODE,58,RF,FY
RFY=RFY+RV
*GET,RV,NODE,59,RF,FY
RFY=RFY+RV
*GET,RV,NODE,60,RF,FY
RFY=RFY+RV
*GET,RV,NODE,61,RF,FY
RFY=RFY+RV
*VWRITE,RFY
(E24.16)
*CFCLOS
FINISH
/EXIT,NOSAVE
